100 40
85 92 84 97 76 36 67 84 77 57 92 71 46 80 84 97 74 63 77 27 99 69 45 80 87 75 97 92 46 46 91 58 82 95 72 85 46 90 90 59 83 51 56 65 38 81 91 54 48 78 38 70 37 55 63 31 49 91 63 42 60 61 32 68 47 30 71 63 44 73 44 46 74 62 26 29 30 30 39 49 20 39 32 22 23 24 27 44 15 19 24 12 25 22 24 20 34 11 14 18 
2.0 2.0 1.3 1.7 1.7 2.0 1.7 2.0 2.0 1.7 1.7 1.3 2.0 1.3 2.0 1.0 1.3 1.7 1.3 1.7 1.0 1.7 1.3 1.3 1.0 1.0 1.0 1.7 1.7 2.0 1.7 1.3 2.0 1.7 1.3 2.0 1.3 1.0 1.0 1.3 1.7 1.7 1.3 1.7 1.3 1.7 1.3 2.0 2.0 1.0 2.0 1.3 1.7 1.3 1.3 1.7 1.3 1.0 1.3 1.3 1.7 1.7 2.0 1.0 1.0 1.7 1.0 1.0 1.7 1.3 1.7 1.0 1.0 1.0 1.7 2.0 1.7 1.3 1.0 1.0 1.3 1.0 1.0 1.3 1.0 1.3 1.7 1.0 1.3 1.3 1.7 1.0 1.7 1.7 1.3 1.3 1.0 1.0 1.0 1.0 
1.0 1.3 1.0 1.0 1.3 1.0 1.3 1.3 1.3 1.3 1.7 1.3 1.3 1.3 1.3 1.7 1.7 1.7 1.7 1.0 1.0 1.3 1.3 2.0 1.0 1.3 1.7 2.0 1.0 1.0 1.7 1.0 2.0 1.7 1.0 1.7 1.3 2.0 2.0 2.0 1.7 1.7 2.0 2.0 1.3 1.7 2.0 1.7 1.3 1.3 2.0 1.3 1.7 1.3 1.3 1.7 1.0 1.7 2.0 1.7 1.7 2.0 1.7 1.3 1.3 1.3 1.7 1.3 2.0 2.0 1.7 1.7 1.7 1.7 1.0 1.7 1.3 2.0 1.0 2.0 1.7 1.7 1.3 1.0 2.0 1.3 1.7 2.0 1.0 1.7 2.0 1.0 2.0 2.0 2.0 2.0 2.0 1.0 2.0 2.0 
8 7 6 10 8 6 8 12 11 7 9 7 7 8 13 6 6 7 7 6 13 12 6 7 12 8 8 11 11 13 13 11 12 14 14 15 7 7 7 6 13 8 6 10 7 15 11 12 14 12 8 15 8 12 14 7 15 13 10 8 15 13 10 14 10 11 12 14 11 14 13 8 13 11 14 11 14 7 14 10 7 11 12 14 6 13 15 13 12 9 13 8 15 15 13 11 15 10 10 15 
0
45
0 AND 43 
1 AND 10 
4 OR 9 
6 AND 12 
9 AND 41 
10 AND 85 
12 AND 61 
20 OR 0 
22 OR 37 
27 AND 22 
28 AND 67 
30 OR 89 
32 AND 88 
33 OR 36 
34 AND 32 
35 AND 62 
36 AND 34 
37 OR 66 
39 OR 75 
41 AND 28 
43 AND 50 
44 AND 83 
45 OR 51 
48 OR 54 
51 OR 74 
54 AND 95 
55 OR 78 
60 OR 35 
61 AND 79 
64 AND 81 
66 OR 91 
69 AND 55 
74 OR 3 
75 OR 80 
77 OR 48 
78 OR 45 
79 OR 30 
80 OR 69 
83 AND 27 
85 OR 64 
88 OR 4 
89 OR 20 
91 OR 60 
95 OR 1 
98 AND 77 
45.0 45.0 45.0 45.0 45.0 45.0 45.0 45.0 45.0 45.0 45.0 45.0 45.0 45.0 45.0 45.0 45.0 45.0 45.0 45.0 45.0 45.0 45.0 45.0 45.0 45.0 45.0 45.0 45.0 45.0 45.0 45.0 45.0 45.0 45.0 45.0 45.0 45.0 45.0 45.0 