25 12
79 60 72 86 57 89 79 87 49 81 81 56 98 59 22 77 22 18 28 15 10 13 26 20 10 
2.0 1.7 2.0 1.3 2.0 1.7 2.0 1.7 1.3 1.0 1.7 1.3 1.0 1.3 2.0 1.0 1.3 1.3 1.3 2.0 1.7 1.7 1.0 1.0 1.3 
1.0 1.0 1.3 1.7 1.0 1.0 1.7 1.7 1.0 1.0 1.7 1.0 2.0 1.7 1.3 2.0 1.7 1.0 2.0 1.7 1.7 1.3 1.3 1.7 1.3 
7 6 10 6 11 15 11 11 9 12 14 14 13 12 10 13 7 10 10 12 7 12 15 13 15 
0
12
0 OR 11 
4 AND 21 
6 OR 19 
11 AND 12 
12 AND 17 
13 AND 15 
15 AND 2 
16 OR 1 
18 AND 6 
19 AND 16 
21 OR 13 
22 OR 0 
45.0 45.0 45.0 45.0 45.0 45.0 45.0 45.0 45.0 45.0 45.0 45.0 