50 21
72 99 80 65 62 90 53 82 99 96 83 100 99 64 46 46 97 86 62 81 41 61 45 49 59 39 64 31 98 45 48 31 45 54 37 88 47 33 53 27 51 35 57 39 19 32 27 19 22 13 
1.7 2.0 1.7 2.0 2.0 2.0 1.3 2.0 1.3 1.3 1.0 1.7 1.0 1.7 1.0 2.0 1.7 1.3 2.0 1.7 2.0 2.0 2.0 2.0 1.0 2.0 1.3 1.7 1.3 1.3 1.0 1.3 1.0 1.0 1.0 1.0 1.7 1.0 1.0 1.7 1.0 1.3 1.0 1.0 2.0 1.3 1.0 1.3 1.3 1.0 
1.0 2.0 1.0 1.0 1.3 1.3 1.0 1.3 1.3 1.7 1.0 1.3 1.7 1.7 1.0 1.0 1.7 1.0 1.7 2.0 1.0 1.3 1.7 1.7 1.3 2.0 1.0 1.0 2.0 1.0 1.7 1.0 1.3 1.3 1.7 1.7 1.7 1.0 1.7 1.7 2.0 1.7 2.0 2.0 1.7 2.0 2.0 1.7 2.0 2.0 
7 6 9 10 8 12 6 11 9 7 8 13 7 8 6 12 13 15 10 10 12 14 9 10 8 7 15 10 13 12 7 10 9 11 6 15 14 11 11 10 11 12 14 10 12 14 10 12 12 12 
0
15
4 AND 12 
7 AND 44 
8 OR 49 
12 AND 44 
19 AND 12 44 
21 AND 7 
29 AND 7 
34 AND 49 
35 AND 7 
36 OR 12 
37 AND 49 
38 AND 12 
43 AND 7 
48 AND 49 
49 AND 44 
45.0 45.0 45.0 45.0 45.0 45.0 45.0 45.0 45.0 45.0 45.0 45.0 45.0 45.0 45.0 45.0 45.0 45.0 45.0 45.0 45.0 