75 27
90 68 98 98 95 88 97 70 92 80 78 78 54 83 39 83 78 86 91 40 93 93 99 65 45 50 21 45 58 52 73 55 18 71 56 29 59 24 33 88 25 35 44 20 28 55 59 51 51 43 33 49 26 72 59 15 13 52 46 24 37 44 38 20 18 15 12 44 12 17 18 28 22 20 14 
2.0 1.7 2.0 2.0 1.3 1.3 1.3 2.0 1.3 1.7 1.7 2.0 2.0 1.7 2.0 1.7 1.7 1.0 2.0 1.3 1.7 1.0 1.7 2.0 2.0 2.0 2.0 2.0 2.0 1.3 1.7 2.0 2.0 1.0 1.3 2.0 2.0 1.3 1.7 1.3 2.0 1.7 1.3 2.0 2.0 1.7 1.7 1.0 1.0 1.7 1.7 1.0 1.7 1.3 1.0 2.0 1.3 1.3 1.3 1.7 1.0 1.0 1.3 1.0 2.0 1.7 1.7 1.0 1.7 1.3 1.0 1.3 1.0 1.3 1.0 
1.3 1.0 1.0 1.7 1.0 1.0 1.3 1.3 1.0 2.0 1.7 2.0 1.0 1.0 1.3 1.3 1.7 1.3 1.7 1.0 1.7 1.3 2.0 1.7 1.0 1.0 1.0 1.3 1.7 1.0 1.7 1.3 1.0 1.0 1.0 1.3 2.0 1.0 1.7 2.0 1.0 1.3 1.0 1.0 1.3 2.0 2.0 1.7 1.7 1.3 1.7 1.7 1.3 2.0 1.3 1.3 1.0 2.0 1.7 1.7 1.7 1.7 1.7 1.0 1.3 1.0 1.0 1.7 1.0 2.0 1.7 1.7 1.7 1.7 2.0 
6 6 12 8 9 9 8 9 10 6 7 7 10 14 6 11 8 7 12 6 11 9 11 10 12 14 6 10 10 10 11 13 6 12 13 8 11 6 7 13 12 11 14 10 11 12 13 8 8 15 9 8 10 14 15 8 6 12 13 9 9 11 13 9 13 12 10 13 11 6 6 14 10 14 8 
0
36
1 OR 27 
3 AND 72 
5 OR 9 
6 AND 31 
8 AND 74 
9 AND 52 
10 OR 68 
11 OR 34 
16 AND 24 
21 OR 8 
23 OR 60 
27 AND 11 
29 AND 35 
30 AND 43 
31 AND 26 
34 AND 30 
35 AND 61 
37 AND 67 
40 OR 6 
42 AND 55 
43 AND 33 
44 OR 3 
46 AND 14 
52 OR 54 
54 OR 16 
55 OR 29 
56 AND 21 
60 OR 71 
61 AND 10 
64 OR 5 
67 OR 23 
69 OR 51 
71 AND 46 
72 AND 40 
73 AND 56 
74 AND 69 
45.0 45.0 45.0 45.0 45.0 45.0 45.0 45.0 45.0 45.0 45.0 45.0 45.0 45.0 45.0 45.0 45.0 45.0 45.0 45.0 45.0 45.0 45.0 45.0 45.0 45.0 45.0 