25 13
6 8 1 6 10 9 6 3 2 5 3 3 4 8 5 8 7 3 2 7 6 9 4 3 10 
2.0 1.7 1.7 2.0 1.7 1.7 1.7 1.3 2.0 2.0 2.0 1.7 1.3 1.3 1.7 1.7 1.0 1.0 1.3 1.3 1.0 1.0 1.0 1.0 1.0 
1.0 1.0 1.0 1.3 1.3 1.3 1.3 1.0 1.7 1.7 1.7 1.7 1.3 1.3 1.7 2.0 1.3 1.3 2.0 2.0 1.7 1.7 1.7 2.0 2.0 
12 16 2 12 20 18 12 6 4 10 6 6 8 16 10 16 14 6 4 14 12 18 8 6 20 
2
0.3 3 24 10 
0.3 17 5 12 
9
1 AND 9 
8 AND 9 
9 AND 2 
11 AND 24 
12 OR 24 9 
16 OR 18 
18 OR 2 
19 OR 24 18 
24 OR 2 
45.0 45.0 45.0 45.0 45.0 45.0 45.0 45.0 45.0 45.0 45.0 45.0 45.0 