25 15
9 3 6 10 7 9 2 10 3 6 6 10 10 10 9 2 2 3 7 6 9 5 6 10 8 
2.0 2.0 1.7 1.7 2.0 2.0 1.7 1.7 1.7 1.7 1.0 1.7 1.7 1.7 1.0 1.3 1.7 1.0 2.0 1.7 1.7 1.0 1.3 1.3 1.0 
1.0 1.0 1.0 1.0 1.3 1.3 1.3 1.3 1.3 1.3 1.0 1.7 1.7 1.7 1.0 1.3 1.7 1.0 2.0 2.0 2.0 1.3 1.7 2.0 2.0 
18 6 12 20 14 18 4 20 6 12 12 20 20 20 18 4 4 6 14 12 18 10 12 20 16 
0
12
2 AND 14 
4 OR 13 
8 AND 12 
12 OR 10 
13 OR 6 
14 AND 4 
15 AND 20 
16 OR 5 
17 AND 16 
18 OR 8 
19 AND 18 
20 AND 17 
45.0 45.0 45.0 45.0 45.0 45.0 45.0 45.0 45.0 45.0 45.0 45.0 45.0 45.0 45.0 