50 22
2 7 8 4 10 9 10 7 5 4 2 6 4 10 4 1 9 9 10 5 9 8 9 9 6 10 1 10 2 8 7 10 5 7 9 6 4 9 1 4 2 10 10 8 2 1 1 1 1 1 
2.0 2.0 2.0 2.0 1.7 1.7 2.0 2.0 1.7 1.7 1.7 1.7 1.3 1.3 2.0 1.0 1.7 1.0 1.7 2.0 1.7 2.0 1.3 1.7 2.0 1.3 1.3 1.3 1.7 1.7 1.0 1.0 1.0 1.0 1.0 1.0 1.0 1.0 1.3 1.3 1.3 1.3 1.3 1.3 1.0 1.0 1.0 1.0 1.0 1.0 
1.0 1.0 1.0 1.0 1.0 1.0 1.3 1.3 1.3 1.3 1.3 1.3 1.0 1.0 1.7 1.0 1.7 1.0 1.7 2.0 1.7 2.0 1.3 1.7 2.0 1.3 1.3 1.3 2.0 2.0 1.3 1.3 1.3 1.3 1.3 1.3 1.3 1.3 1.7 1.7 1.7 1.7 1.7 2.0 1.7 1.7 1.7 2.0 2.0 2.0 
4 14 16 8 20 18 20 14 10 8 4 12 8 20 8 2 18 18 20 10 18 16 18 18 12 20 2 20 4 16 14 20 10 14 18 12 8 18 2 8 4 20 20 16 4 2 2 2 2 2 
0
20
0 AND 48 
3 OR 5 
5 AND 34 
8 OR 6 
10 AND 49 
12 OR 36 
13 OR 41 
14 OR 45 
21 OR 30 
22 AND 0 
27 AND 44 
30 OR 12 
32 OR 27 
34 OR 8 
36 OR 17 
40 OR 38 
41 AND 47 
45 AND 22 
47 AND 40 
49 AND 32 
45.0 45.0 45.0 45.0 45.0 45.0 45.0 45.0 45.0 45.0 45.0 45.0 45.0 45.0 45.0 45.0 45.0 45.0 45.0 45.0 45.0 45.0 