75 33
10 4 10 4 7 7 9 4 5 7 10 4 8 3 4 7 4 1 8 10 8 5 4 9 8 3 10 8 8 10 5 5 10 5 3 4 1 1 4 2 8 6 3 10 1 5 9 2 9 2 7 9 10 3 2 2 1 8 2 8 7 9 10 10 7 7 8 10 5 9 2 4 8 10 2 
2.0 2.0 2.0 2.0 2.0 2.0 1.7 1.7 1.7 1.7 1.7 1.7 1.7 1.7 1.7 2.0 2.0 2.0 1.7 1.3 1.3 1.3 1.3 2.0 2.0 2.0 1.0 1.3 1.7 2.0 2.0 1.3 1.7 1.3 1.3 1.3 2.0 1.0 2.0 1.3 1.0 1.0 1.3 1.3 2.0 1.0 1.0 2.0 1.7 1.7 1.7 1.7 1.7 1.7 1.0 1.0 1.3 1.3 1.3 1.3 1.3 1.3 1.0 1.0 1.0 1.0 1.0 1.0 1.0 1.0 1.0 1.0 1.0 1.0 1.0 
1.0 1.0 1.0 1.0 1.0 1.0 1.0 1.0 1.0 1.0 1.0 1.0 1.0 1.0 1.0 1.3 1.3 1.3 1.3 1.0 1.0 1.0 1.0 1.7 1.7 1.7 1.0 1.3 1.7 2.0 2.0 1.3 1.7 1.3 1.3 1.3 2.0 1.0 2.0 1.3 1.0 1.0 1.3 1.3 2.0 1.0 1.0 2.0 2.0 2.0 2.0 2.0 2.0 2.0 1.3 1.3 1.7 1.7 1.7 1.7 1.7 2.0 1.7 1.7 1.7 1.7 1.7 1.7 1.7 1.7 2.0 2.0 2.0 2.0 2.0 
20 8 20 8 14 14 18 8 10 14 20 8 16 6 8 14 8 2 16 20 16 10 8 18 16 6 20 16 16 20 10 10 20 10 6 8 2 2 8 4 16 12 6 20 2 10 18 4 18 4 14 18 20 6 4 4 2 16 4 16 14 18 20 20 14 14 16 20 10 18 4 8 16 20 4 
2
0.3 32 54 3 
0.1 33 53 34 
27
1 OR 53 
2 OR 9 
3 OR 19 
6 AND 2 
7 OR 31 
8 OR 19 
16 OR 31 
17 AND 51 19 
18 OR 19 
19 OR 9 
27 OR 51 9 
29 AND 31 
31 OR 9 
34 OR 19 
35 OR 53 
38 AND 51 
41 AND 53 
43 AND 51 
47 AND 31 
51 OR 9 31 
53 OR 9 
61 OR 53 
62 OR 31 19 
63 OR 51 
67 OR 53 
68 OR 51 
69 OR 53 
45.0 45.0 45.0 45.0 45.0 45.0 45.0 45.0 45.0 45.0 45.0 45.0 45.0 45.0 45.0 45.0 45.0 45.0 45.0 45.0 45.0 45.0 45.0 45.0 45.0 45.0 45.0 45.0 45.0 45.0 45.0 45.0 45.0 