75 31
6 7 10 10 2 2 8 5 6 6 6 8 8 5 7 6 3 2 10 6 9 2 10 2 6 5 1 7 4 1 1 4 4 1 6 3 5 2 9 9 7 8 3 9 6 2 7 9 10 2 4 4 7 4 9 5 10 2 6 3 3 4 8 8 3 5 10 4 8 2 4 3 3 10 10 
2.0 2.0 2.0 1.7 1.7 1.7 1.7 1.7 1.7 1.7 2.0 2.0 1.7 1.7 1.7 1.7 1.7 1.3 1.3 1.3 1.3 1.3 1.3 2.0 2.0 2.0 2.0 2.0 1.0 1.0 1.7 1.0 1.0 1.3 2.0 1.0 1.7 1.0 1.3 1.3 1.7 1.3 1.3 2.0 1.3 1.3 2.0 1.7 1.7 1.7 1.7 1.7 1.7 1.7 1.7 1.0 1.0 1.0 1.3 1.3 1.3 1.3 1.3 1.3 1.3 1.3 1.3 1.3 1.3 1.3 1.0 1.0 1.0 1.0 1.0 
1.0 1.0 1.0 1.0 1.0 1.0 1.0 1.0 1.0 1.0 1.3 1.3 1.3 1.3 1.3 1.3 1.3 1.0 1.0 1.0 1.0 1.0 1.0 1.7 1.7 1.7 1.7 1.7 1.0 1.0 1.7 1.0 1.0 1.3 2.0 1.0 1.7 1.0 1.3 1.3 1.7 1.3 1.3 2.0 1.3 1.3 2.0 2.0 2.0 2.0 2.0 2.0 2.0 2.0 2.0 1.3 1.3 1.3 1.7 1.7 1.7 1.7 1.7 1.7 2.0 2.0 2.0 2.0 2.0 2.0 1.7 1.7 2.0 2.0 2.0 
12 14 20 20 4 4 16 10 12 12 12 16 16 10 14 12 6 4 20 12 18 4 20 4 12 10 2 14 8 2 2 8 8 2 12 6 10 4 18 18 14 16 6 18 12 4 14 18 20 4 8 8 14 8 18 10 20 4 12 6 6 8 16 16 6 10 20 8 16 4 8 6 6 20 20 
0
36
1 OR 27 
3 AND 58 
5 OR 41 
6 AND 69 
7 AND 49 
9 OR 59 
10 AND 12 
12 AND 3 
18 AND 29 
20 AND 48 
22 AND 39 
24 AND 67 
27 AND 68 
28 OR 5 
29 AND 14 
32 OR 66 
39 AND 38 
40 AND 18 
41 AND 60 
43 OR 34 
44 AND 20 
46 AND 22 
47 AND 28 
48 AND 71 
49 OR 40 
52 OR 47 
56 OR 7 
58 AND 9 
59 OR 30 
60 OR 19 
66 AND 70 
67 OR 1 
68 AND 43 
69 AND 44 
70 AND 46 
71 OR 17 
45.0 45.0 45.0 45.0 45.0 45.0 45.0 45.0 45.0 45.0 45.0 45.0 45.0 45.0 45.0 45.0 45.0 45.0 45.0 45.0 45.0 45.0 45.0 45.0 45.0 45.0 45.0 45.0 45.0 45.0 45.0 