104 6
20 48 96 13 58 98 94 91 90 89 89 88 87 82 80 79 78 76 75 74 73 68 67 64 64 61 58 57 56 53 52 99 98 95 47 93 46 92 44 43 43 41 81 39 39 77 37 74 72 72 71 70 34 67 32 62 31 61 60 30 59 84 83 55 27 54 80 52 77 51 50 49 71 69 45 63 40 97 95 55 33 33 30 42 38 36 24 21 83 46 18 18 100 23 22 21 49 29 27 17 10 35 12 14 
1.0 1.0 1.0 1.0 1.0 1.0 1.0 1.0 1.0 1.0 1.0 1.0 1.0 1.0 1.0 1.0 1.0 1.0 1.0 1.0 1.0 1.0 1.0 1.0 1.0 1.0 1.0 1.0 1.0 1.0 1.0 1.0 1.0 1.0 1.0 1.0 1.0 1.0 1.0 1.0 1.0 1.0 1.0 1.0 1.0 1.0 1.0 1.0 1.0 1.0 1.0 1.0 1.0 1.0 1.0 1.0 1.0 1.0 1.0 1.0 1.0 1.0 1.0 1.0 1.0 1.0 1.0 1.0 1.0 1.0 1.0 1.0 1.0 1.0 1.0 1.0 1.0 1.0 1.0 1.0 1.0 1.0 1.0 1.0 1.0 1.0 1.0 1.0 1.0 1.0 1.0 1.0 1.0 1.0 1.0 1.0 1.0 1.0 1.0 1.0 1.0 1.0 1.0 1.0 
1.0 1.0 1.0 1.0 1.0 1.0 1.0 1.0 1.0 1.0 1.0 1.0 1.0 1.0 1.0 1.0 1.0 1.0 1.0 1.0 1.0 1.0 1.0 1.0 1.0 1.0 1.0 1.0 1.0 1.0 1.0 1.0 1.0 1.0 1.0 1.0 1.0 1.0 1.0 1.0 1.0 1.0 1.0 1.0 1.0 1.0 1.0 1.0 1.0 1.0 1.0 1.0 1.0 1.0 1.0 1.0 1.0 1.0 1.0 1.0 1.0 1.0 1.0 1.0 1.0 1.0 1.0 1.0 1.0 1.0 1.0 1.0 1.0 1.0 1.0 1.0 1.0 1.0 1.0 1.0 1.0 1.0 1.0 1.0 1.0 1.0 1.0 1.0 1.0 1.0 1.0 1.0 1.0 1.0 1.0 1.0 1.0 1.0 1.0 1.0 1.0 1.0 1.0 1.0 
0 0 0 0 0 1 1 1 1 1 1 1 1 1 1 1 1 1 1 1 1 1 1 1 1 1 1 1 1 1 1 2 2 2 1 2 1 2 1 1 1 1 2 1 1 2 1 2 2 2 2 2 1 2 1 2 1 2 2 1 2 3 3 2 1 2 3 2 3 2 2 2 3 3 2 3 2 5 5 3 2 2 2 3 3 3 2 2 8 5 2 2 13 3 3 3 8 5 5 5 3 13 5 8 
2
0.3 21 62 85 
0.5 92 0 
4
0 AND 92 
33 AND 0 
89 AND 33 
92 AND 71 
60.0 60.0 60.0 60.0 60.0 60.0 