30 6
67.548 12.251 34.753 30.089 76.282 70.903 90.296 17.824 47.973 12.682 29.677 55.482 12.388 27.895 68.49 59.045 29.84 63.034 82.849 10.585 82.524 72.833 40.623 23.993 96.149 40.294 18.347 18.704 86.274 64.335
1.307 1.23 1.036 1.473 0.879 1.052 1.329 1.119 1.362 1.077 1.205 0.546 0.728 0.789 0.58 0.733 0.601 0.778 1.136 0.865 0.87 0.71 0.767 1.437 1.148 1.109 0.671 1.229 0.663 0.879
1.294 1.084 1.034 1.111 1.206 1.166 0.837 0.719 0.889 0.861 0.827 1.266 1.226 0.889 1.093 0.937 1.249 0.975 0.859 0.848 1.037 0.858 1.051 1.239 0.94 0.832 1.299 1.006 0.755 0.728
2.316 8.529 10.505 6.066 1.762 5.579 12.953 7.349 12.653 11.329 1.138 9.649 9.181 7.444 4.202 8.692 2.339 6.217 6.445 12.446 11.51 4.161 7.007 3.144 11.952 11.446 4.581 8.667 8.308 2.834
5
1.49 3 29
1.654 7 1 28
1.589 2 23
1.813 24 17
1.957 21 15
9
0 OR 28 20 14
10 AND 11
13 AND 21 1 7
14 AND 2 17
16 OR 24
21 AND 22
27 OR 23 10
28 OR 6
29 AND 8
35.25 30.788 35.573 30.607 20.011 26.483
