100 38
7 1 6 7 3 7 5 9 6 10 8 1 2 9 9 1 6 4 8 2 10 10 1 7 1 3 4 3 1 9 9 5 3 3 1 7 1 9 9 2 8 1 5 2 8 5 4 10 4 8 9 5 7 3 9 4 7 8 4 1 3 2 7 10 9 4 8 10 6 5 7 2 10 9 1 5 2 10 9 7 4 9 2 8 9 6 3 6 4 4 4 10 9 6 3 7 5 3 1 3 
2.0 2.0 2.0 2.0 2.0 1.7 1.7 1.7 1.7 1.7 1.7 1.7 1.7 2.0 2.0 2.0 2.0 2.0 2.0 1.7 1.7 1.7 1.7 1.7 1.7 1.7 1.3 1.3 1.3 1.3 1.3 1.3 1.3 1.3 1.3 1.3 2.0 2.0 2.0 2.0 2.0 2.0 2.0 2.0 1.7 1.3 2.0 1.3 1.0 1.7 1.3 1.3 2.0 1.3 1.0 1.7 1.0 1.3 1.0 1.7 2.0 1.3 2.0 1.3 2.0 1.0 2.0 2.0 1.3 1.0 1.0 1.0 1.3 1.0 1.7 1.7 1.7 1.7 1.7 1.0 1.0 1.0 1.0 1.0 1.0 1.0 1.3 1.3 1.3 1.3 1.3 1.3 1.3 1.3 1.3 1.3 1.0 1.0 1.0 1.0 
1.0 1.0 1.0 1.0 1.0 1.0 1.0 1.0 1.0 1.0 1.0 1.0 1.0 1.3 1.3 1.3 1.3 1.3 1.3 1.3 1.3 1.3 1.3 1.3 1.3 1.3 1.0 1.0 1.0 1.0 1.0 1.0 1.0 1.0 1.0 1.0 1.7 1.7 1.7 1.7 1.7 1.7 1.7 1.7 1.7 1.3 2.0 1.3 1.0 1.7 1.3 1.3 2.0 1.3 1.0 1.7 1.0 1.3 1.0 1.7 2.0 1.3 2.0 1.3 2.0 1.0 2.0 2.0 1.3 1.0 1.0 1.0 1.3 1.0 2.0 2.0 2.0 2.0 2.0 1.3 1.3 1.3 1.3 1.3 1.3 1.3 1.7 1.7 1.7 1.7 1.7 2.0 2.0 2.0 2.0 2.0 1.7 2.0 2.0 2.0 
14 2 12 14 6 14 10 18 12 20 16 2 4 18 18 2 12 8 16 4 20 20 2 14 2 6 8 6 2 18 18 10 6 6 2 14 2 18 18 4 16 2 10 4 16 10 8 20 8 16 18 10 14 6 18 8 14 16 8 2 6 4 14 20 18 8 16 20 12 10 14 4 20 18 2 10 4 20 18 14 8 18 4 16 18 12 6 12 8 8 8 20 18 12 6 14 10 6 2 6 
0
40
0 OR 20 
2 AND 7 
5 AND 55 
9 OR 53 
14 AND 89 
15 AND 72 
17 AND 9 
20 OR 70 
28 AND 90 
29 AND 57 
35 AND 2 
39 AND 56 
47 OR 82 
48 AND 58 
53 OR 14 
55 OR 86 
56 OR 95 
57 OR 17 
58 OR 92 
60 AND 47 
62 OR 66 
64 AND 93 
66 OR 85 
70 AND 60 
71 OR 28 
72 OR 91 
73 OR 71 
77 AND 79 
78 OR 29 
79 AND 0 
80 OR 25 
82 AND 51 
85 AND 35 
86 OR 39 
88 AND 78 
90 OR 80 
92 OR 62 
93 AND 73 
95 OR 15 
97 OR 64 
45.0 45.0 45.0 45.0 45.0 45.0 45.0 45.0 45.0 45.0 45.0 45.0 45.0 45.0 45.0 45.0 45.0 45.0 45.0 45.0 45.0 45.0 45.0 45.0 45.0 45.0 45.0 45.0 45.0 45.0 45.0 45.0 45.0 45.0 45.0 45.0 45.0 45.0 