100 40
1 4 3 3 1 4 9 3 9 2 7 10 4 10 3 7 10 4 1 8 5 9 8 2 4 1 9 1 10 7 2 7 7 9 10 2 2 9 9 10 1 1 10 8 5 1 2 4 4 7 4 1 2 8 2 8 3 3 10 6 3 1 5 6 2 6 3 6 3 7 1 9 8 9 2 7 10 3 1 10 10 7 7 2 3 2 10 9 6 2 6 9 3 10 8 5 4 7 1 1 
2.0 2.0 2.0 2.0 2.0 2.0 1.7 1.7 1.7 1.7 1.7 1.7 1.7 2.0 2.0 1.7 1.7 1.7 1.7 1.7 1.7 1.7 1.3 1.3 1.3 1.3 1.3 2.0 2.0 2.0 2.0 2.0 2.0 1.7 1.0 1.0 1.7 1.3 1.0 1.3 1.7 1.7 1.3 2.0 1.7 1.3 1.3 1.7 2.0 1.0 2.0 1.3 1.0 1.3 1.0 1.3 2.0 2.0 1.3 1.7 1.7 1.3 2.0 1.7 1.3 1.7 1.7 1.7 1.7 1.7 1.0 1.0 1.0 1.3 1.3 1.3 1.3 1.3 1.3 1.3 1.3 1.3 1.3 1.3 1.3 1.3 1.0 1.0 1.0 1.0 1.0 1.0 1.0 1.0 1.0 1.0 1.0 1.0 1.0 1.0 
1.0 1.0 1.0 1.0 1.0 1.0 1.0 1.0 1.0 1.0 1.0 1.0 1.0 1.3 1.3 1.3 1.3 1.3 1.3 1.3 1.3 1.3 1.0 1.0 1.0 1.0 1.0 1.7 1.7 1.7 1.7 1.7 1.7 1.7 1.0 1.0 1.7 1.3 1.0 1.3 1.7 1.7 1.3 2.0 1.7 1.3 1.3 1.7 2.0 1.0 2.0 1.3 1.0 1.3 1.0 1.3 2.0 2.0 1.3 1.7 1.7 1.3 2.0 1.7 1.3 2.0 2.0 2.0 2.0 2.0 1.3 1.3 1.3 1.7 1.7 1.7 1.7 2.0 2.0 2.0 2.0 2.0 2.0 2.0 2.0 2.0 1.7 2.0 2.0 2.0 2.0 2.0 2.0 2.0 2.0 2.0 2.0 2.0 2.0 2.0 
2 8 6 6 2 8 18 6 18 4 14 20 8 20 6 14 20 8 2 16 10 18 16 4 8 2 18 2 20 14 4 14 14 18 20 4 4 18 18 20 2 2 20 16 10 2 4 8 8 14 8 2 4 16 4 16 6 6 20 12 6 2 10 12 4 12 6 12 6 14 2 18 16 18 4 14 20 6 2 20 20 14 14 4 6 4 20 18 12 4 12 18 6 20 16 10 8 14 2 2 
0
30
7 OR 29 
9 OR 11 
11 OR 4 
12 OR 42 
13 AND 47 
14 OR 48 
17 AND 48 4 
19 AND 42 
23 AND 47 
27 OR 48 
29 OR 4 
30 AND 48 
33 AND 48 
39 AND 42 
40 AND 29 
42 OR 4 
45 OR 11 
46 AND 11 
47 AND 4 
48 AND 4 29 11 
51 AND 29 
59 OR 42 
64 OR 47 29 
67 OR 48 
75 AND 47 
76 OR 29 
77 AND 47 
81 OR 47 11 
94 OR 11 
98 OR 42 
45.0 45.0 45.0 45.0 45.0 45.0 45.0 45.0 45.0 45.0 45.0 45.0 45.0 45.0 45.0 45.0 45.0 45.0 45.0 45.0 45.0 45.0 45.0 45.0 45.0 45.0 45.0 45.0 45.0 45.0 45.0 45.0 45.0 45.0 45.0 45.0 45.0 45.0 45.0 45.0 