25 13
2 5 5 4 6 7 6 4 4 10 4 4 7 9 6 9 6 9 10 7 4 2 4 8 8 
2.0 2.0 1.7 2.0 1.7 1.3 2.0 2.0 1.0 1.0 1.7 2.0 1.0 1.7 2.0 1.0 1.7 1.7 1.0 1.0 1.0 1.0 1.3 1.3 1.3 
1.0 1.0 1.0 1.3 1.3 1.0 1.7 1.7 1.0 1.0 1.7 2.0 1.0 1.7 2.0 1.0 2.0 2.0 1.3 1.3 1.3 1.3 1.7 1.7 2.0 
4 10 10 8 12 14 12 8 8 20 8 8 14 18 12 18 12 18 20 14 8 4 8 16 16 
0
11
3 AND 6 
5 OR 15 
6 AND 24 0 
8 OR 6 
10 OR 6 
11 OR 6 
13 OR 24 
15 OR 20 
22 OR 6 
23 AND 24 19 17 4 
24 OR 5 
45.0 45.0 45.0 45.0 45.0 45.0 45.0 45.0 45.0 45.0 45.0 45.0 45.0 