44 10
180 220 210 250 240 220 160 160 200 240 90 260 80 70 170 400 300 160 160 250 90 170 230 150 220 220 180 150 40 170 90 210 50 170 170 120 260 160 30 40 50 40 30 10 
1.7 2.0 1.3 2.0 1.0 1.7 1.0 1.0 1.7 1.7 1.0 1.7 1.7 1.0 1.7 2.0 1.3 1.3 1.3 2.0 1.0 1.0 1.3 1.7 1.7 1.7 1.3 1.7 1.0 1.0 1.0 1.3 1.0 1.0 1.7 1.0 1.3 1.3 1.0 1.0 1.3 1.0 1.0 1.0 
1.7 2.0 1.3 2.0 1.0 1.7 1.0 1.0 1.7 1.7 1.0 1.7 1.7 1.0 1.7 2.0 1.3 1.3 1.3 2.0 1.0 1.0 1.3 1.7 1.7 1.7 1.0 1.7 1.0 1.0 1.0 1.3 1.0 1.3 1.7 1.0 1.3 1.3 1.0 1.0 1.3 1.0 1.0 1.0 
1 2 2 3 3 4 3 3 4 5 2 6 2 2 5 12 9 5 5 8 3 6 9 6 9 9 10 7 2 9 5 12 3 8 12 9 22 15 3 5 7 7 8 3 
1
0.3 13 28 
35
0 OR 3 
1 OR 26 
3 OR 30 
4 OR 9 11 
5 OR 31 
6 AND 10 
7 AND 4 
9 AND 2 21 
11 AND 2 23 
12 OR 3 
13 AND 28 
15 AND 11 4 
16 AND 43 19 
17 AND 14 
18 AND 6 4 
19 OR 35 
20 AND 11 
21 AND 5 3 38 
22 AND 34 
23 AND 2 25 39 
24 AND 15 
25 AND 8 
26 AND 33 4 18 11 9 
27 AND 40 
29 OR 26 
31 AND 17 
32 AND 5 
34 AND 33 
35 AND 29 1 
36 AND 0 27 
37 AND 16 
39 AND 3 41 
40 AND 25 
42 AND 16 
43 AND 35 
29.16 46.17 51.03 65.61 36.45 36.45 36.45 36.45 36.45 24.3 