100 39
82 91 68 82 83 52 72 97 96 68 89 62 43 88 86 99 67 93 67 58 97 52 33 74 82 86 45 36 71 69 89 93 82 74 30 95 76 35 32 70 71 55 57 93 42 43 55 41 65 60 41 73 81 28 38 36 36 60 35 52 45 55 55 29 70 32 90 34 33 38 69 24 77 24 23 66 25 40 26 10 21 24 38 20 25 27 22 13 31 34 17 34 19 22 15 14 17 12 12 22 
2.0 1.3 2.0 2.0 2.0 1.7 2.0 1.7 1.0 2.0 2.0 2.0 2.0 1.3 2.0 1.3 1.3 2.0 2.0 2.0 2.0 1.3 2.0 1.7 1.7 2.0 1.7 2.0 1.0 1.7 2.0 1.3 1.3 2.0 1.7 1.3 2.0 2.0 1.7 1.7 2.0 2.0 1.3 1.7 1.0 1.7 1.7 1.0 1.7 1.0 1.7 1.7 1.0 1.7 1.0 1.7 1.7 1.3 1.7 1.7 1.7 2.0 1.7 1.7 1.7 1.7 1.0 1.0 1.0 1.3 1.3 2.0 1.0 1.0 2.0 1.0 1.7 1.0 2.0 1.3 2.0 1.7 1.0 2.0 2.0 1.0 1.0 1.7 1.0 1.0 1.3 1.0 1.3 1.0 2.0 1.7 1.0 1.3 1.0 1.0 
1.0 1.0 1.0 1.3 1.7 1.0 1.0 1.0 1.0 1.0 1.0 1.0 1.0 1.7 1.3 1.3 1.0 1.3 1.7 1.7 2.0 1.0 1.0 1.0 1.3 2.0 1.0 1.0 1.3 1.3 1.7 1.3 1.0 1.7 1.3 1.3 2.0 1.3 1.3 2.0 1.7 2.0 2.0 2.0 1.0 1.0 2.0 1.0 1.7 1.0 2.0 2.0 1.7 1.0 1.0 1.3 1.3 1.3 1.0 2.0 2.0 2.0 1.7 1.7 2.0 1.0 2.0 1.3 1.0 2.0 2.0 2.0 2.0 1.3 1.7 1.7 1.3 2.0 2.0 1.0 2.0 1.3 1.3 1.3 2.0 1.3 1.3 1.7 1.3 1.7 1.3 2.0 1.7 1.7 2.0 1.7 1.3 2.0 1.0 2.0 
8 6 7 7 6 6 10 12 7 10 14 10 7 6 12 9 8 14 8 7 10 7 7 14 12 10 9 9 7 12 14 13 15 13 6 15 12 9 7 10 15 10 7 15 8 14 9 8 13 12 7 13 10 10 8 10 10 13 13 10 9 13 13 7 15 14 12 7 9 7 13 7 12 6 10 15 14 9 12 6 10 15 14 15 13 11 9 7 14 12 13 14 12 11 14 15 15 9 15 15 
2
0.3 94 31 28 
0.3 29 3 11 
28
0 AND 35 
4 AND 44 
6 AND 51 
7 OR 44 
10 AND 35 
23 OR 44 
24 AND 32 
28 AND 35 
29 OR 44 
31 OR 71 
32 OR 41 
33 OR 71 
34 OR 35 
35 OR 41 
44 OR 41 
47 OR 32 
51 AND 41 
53 OR 51 
56 OR 51 
60 AND 71 51 
71 OR 41 
74 OR 35 
75 AND 44 
76 OR 71 32 
80 OR 32 
85 AND 71 
88 OR 32 
92 OR 51 
45.0 45.0 45.0 45.0 45.0 45.0 45.0 45.0 45.0 45.0 45.0 45.0 45.0 45.0 45.0 45.0 45.0 45.0 45.0 45.0 45.0 45.0 45.0 45.0 45.0 45.0 45.0 45.0 45.0 45.0 45.0 45.0 45.0 45.0 45.0 45.0 45.0 45.0 45.0 