100 40
90 81 72 94 68 100 96 75 75 69 77 66 92 67 97 100 95 69 88 59 94 89 63 49 35 100 90 97 69 87 95 53 54 71 94 58 36 75 76 57 89 79 67 86 38 28 55 54 92 81 82 17 61 46 43 37 32 60 54 42 30 17 66 66 93 50 95 53 42 47 61 38 66 17 62 29 32 26 20 21 27 38 32 26 21 52 54 26 33 20 20 14 38 16 22 16 26 23 18 11 
2.0 1.7 1.7 2.0 2.0 1.3 2.0 2.0 2.0 2.0 1.7 1.7 2.0 2.0 1.7 1.0 2.0 2.0 2.0 2.0 1.3 1.7 2.0 1.7 2.0 1.0 1.3 2.0 1.3 2.0 1.0 2.0 1.7 1.3 1.3 1.7 2.0 2.0 1.7 2.0 1.7 1.3 1.3 1.0 2.0 2.0 1.0 1.3 1.0 1.3 1.7 2.0 1.3 1.7 2.0 1.7 1.7 1.0 1.7 1.3 2.0 1.3 1.0 1.0 1.0 1.0 1.0 1.3 1.3 1.3 1.0 2.0 1.3 2.0 1.0 1.0 2.0 1.7 1.0 1.7 1.0 1.7 1.3 1.0 1.7 1.0 1.0 1.0 1.0 1.0 1.0 2.0 1.0 1.3 1.0 2.0 1.3 1.3 1.0 1.0 
1.0 1.3 1.0 1.0 1.0 1.0 1.0 1.0 1.0 1.7 1.7 1.0 2.0 2.0 1.0 1.3 1.3 1.0 1.3 1.0 1.0 2.0 1.0 1.0 1.0 1.3 1.7 1.7 1.0 2.0 1.3 2.0 2.0 1.3 1.3 2.0 2.0 1.7 2.0 1.3 2.0 2.0 1.7 1.7 1.7 1.3 1.3 1.7 1.3 1.7 2.0 1.3 1.3 2.0 1.7 1.7 2.0 1.3 2.0 1.3 2.0 1.0 2.0 1.3 2.0 1.7 2.0 2.0 1.3 1.7 1.7 2.0 2.0 1.0 1.7 1.3 2.0 1.3 1.3 1.3 1.0 2.0 1.3 2.0 1.3 2.0 2.0 1.7 2.0 1.7 2.0 1.7 2.0 1.0 2.0 2.0 2.0 2.0 1.7 2.0 
7 6 7 11 8 9 14 11 11 6 6 9 8 6 15 7 14 14 14 13 14 9 15 10 9 10 9 15 12 13 11 8 7 11 15 8 6 15 11 15 13 9 9 9 8 8 8 8 14 13 15 6 14 9 12 9 7 12 12 11 8 6 9 15 14 9 15 11 14 12 12 13 15 12 13 8 12 13 6 11 11 14 14 6 13 13 14 8 9 7 6 10 12 15 8 12 13 14 10 7 
0
25
0 OR 8 
1 OR 8 62 
8 OR 62 
13 AND 70 
18 AND 31 
23 OR 68 62 
26 OR 31 8 
28 AND 8 
31 AND 62 
33 AND 68 
34 AND 70 31 
39 AND 70 
40 AND 31 
56 OR 68 
66 AND 8 
68 AND 62 
70 OR 62 
72 AND 70 31 
79 AND 70 
80 AND 31 
84 AND 68 
85 AND 68 
88 AND 8 
89 AND 68 
99 OR 70 
45.0 45.0 45.0 45.0 45.0 45.0 45.0 45.0 45.0 45.0 45.0 45.0 45.0 45.0 45.0 45.0 45.0 45.0 45.0 45.0 45.0 45.0 45.0 45.0 45.0 45.0 45.0 45.0 45.0 45.0 45.0 45.0 45.0 45.0 45.0 45.0 45.0 45.0 45.0 45.0 