25 14
91 79 81 75 56 30 46 84 44 61 63 82 48 44 34 38 26 24 22 27 31 35 38 28 10 
1.3 1.7 2.0 1.7 1.7 2.0 2.0 1.7 1.7 2.0 1.7 1.0 2.0 1.0 2.0 1.0 1.0 1.3 2.0 1.0 1.3 1.0 1.0 1.0 1.7 
1.0 1.3 1.7 2.0 2.0 1.3 2.0 2.0 1.0 1.7 2.0 1.3 1.7 1.3 1.7 1.7 1.7 1.0 2.0 1.0 1.7 1.7 2.0 1.7 1.3 
7 7 7 9 7 7 9 14 15 15 12 15 15 11 15 10 7 15 11 14 14 13 12 11 15 
2
0.5 23 9 19 
0.5 0 3 21 
10
2 AND 20 7 
3 AND 24 
7 AND 6 
10 AND 20 
11 AND 7 
12 OR 24 
17 OR 20 
20 AND 6 
23 AND 24 7 
24 OR 6 
45.0 45.0 45.0 45.0 45.0 45.0 45.0 45.0 45.0 45.0 45.0 45.0 45.0 45.0 