25 13
85 65 59 65 90 62 77 90 86 48 91 44 29 46 60 88 42 33 52 64 40 54 34 39 32 
1.0 2.0 2.0 1.7 1.7 1.7 1.7 1.3 1.7 2.0 1.3 2.0 2.0 1.3 1.0 1.0 2.0 1.0 1.7 1.0 1.0 1.3 1.7 1.0 1.0 
1.0 1.3 1.3 1.3 1.7 1.0 1.7 1.7 1.3 1.0 2.0 2.0 1.0 1.3 1.0 2.0 2.0 1.0 2.0 1.7 1.0 1.7 1.7 1.3 2.0 
6 9 9 9 10 13 10 9 15 14 9 8 11 9 12 11 12 10 15 13 14 15 15 14 10 
0
11
0 AND 13 4 18 17 
1 OR 22 
3 AND 16 
7 AND 12 
8 AND 22 
9 AND 22 
11 AND 22 21 
13 OR 3 
16 OR 7 
20 OR 22 2 
22 OR 3 
45.0 45.0 45.0 45.0 45.0 45.0 45.0 45.0 45.0 45.0 45.0 45.0 45.0 