50 21
71 89 90 98 92 68 91 73 58 77 96 51 49 90 34 95 39 51 28 47 87 100 35 29 49 35 69 61 64 27 41 43 49 55 86 24 39 21 10 28 58 46 19 68 45 37 30 42 25 17 
2.0 1.7 2.0 1.7 1.0 1.0 1.7 2.0 1.7 2.0 1.3 1.7 1.7 1.0 1.3 1.0 2.0 1.7 1.7 1.0 1.0 1.3 1.3 2.0 1.3 2.0 1.3 1.0 1.0 1.7 1.3 1.7 1.7 1.0 1.0 1.7 1.0 1.7 2.0 1.3 1.3 1.3 1.7 1.0 1.0 1.0 1.0 1.0 1.0 1.0 
1.3 1.3 1.3 1.3 1.0 1.0 1.3 1.3 1.0 2.0 1.3 1.0 1.0 2.0 1.0 1.0 1.3 2.0 1.0 1.0 2.0 2.0 1.0 1.3 1.3 1.7 1.7 2.0 1.3 1.7 2.0 2.0 1.7 1.7 2.0 1.3 2.0 1.7 1.3 1.3 2.0 2.0 1.7 2.0 2.0 1.7 1.3 1.7 1.7 1.7 
6 8 10 11 8 6 11 11 10 8 10 11 11 6 6 14 10 8 9 9 9 14 10 10 11 10 13 8 14 8 8 11 15 10 15 11 7 8 6 11 15 12 8 15 11 11 12 14 10 13 
2
0.5 25 43 34 
0.3 21 23 17 
14
2 OR 25 
7 OR 25 
8 AND 14 
14 OR 25 
15 OR 14 25 
16 AND 2 
23 OR 2 
24 AND 7 
30 AND 2 
32 AND 2 
33 OR 7 
34 AND 7 14 
45 AND 14 
47 AND 7 
45.0 45.0 45.0 45.0 45.0 45.0 45.0 45.0 45.0 45.0 45.0 45.0 45.0 45.0 45.0 45.0 45.0 45.0 45.0 45.0 45.0 