50 21
92 60 97 84 78 79 70 64 79 85 95 54 60 52 91 82 51 51 58 97 36 66 57 87 89 73 57 36 93 38 38 30 30 48 16 16 19 20 28 39 25 44 30 12 30 29 16 18 18 14 
1.7 2.0 2.0 1.7 1.7 1.7 2.0 1.0 1.7 1.0 1.0 1.7 2.0 1.3 1.7 1.7 1.7 1.0 2.0 1.3 2.0 2.0 1.7 1.7 1.3 1.0 1.3 1.7 1.0 2.0 1.3 1.7 2.0 1.0 2.0 1.7 2.0 1.7 1.0 1.0 1.0 1.0 1.3 2.0 1.3 1.3 1.0 1.7 1.0 1.0 
1.0 1.0 1.3 1.0 1.3 1.0 1.3 1.0 2.0 1.3 1.0 1.3 2.0 1.3 2.0 1.7 1.0 1.0 1.7 1.7 1.3 2.0 1.3 2.0 1.7 1.0 1.3 1.0 1.7 1.3 1.3 1.3 1.7 1.0 1.0 1.0 1.3 1.0 1.7 1.7 1.0 1.7 1.7 1.3 2.0 2.0 1.7 1.7 1.7 1.7 
7 6 10 11 8 11 9 7 8 8 12 9 8 7 11 12 13 8 11 13 10 12 14 14 13 14 11 15 14 15 10 11 10 15 11 11 12 14 7 11 12 13 13 11 12 13 7 15 12 14 
0
20
0 AND 30 
4 OR 38 
5 AND 43 
9 AND 13 
10 AND 22 
12 AND 9 
13 AND 15 
14 AND 0 
15 OR 26 
24 AND 42 
30 OR 44 
31 OR 46 
32 OR 10 
33 AND 24 
36 OR 47 
38 OR 32 
41 OR 5 
42 AND 36 
46 OR 41 
48 AND 14 
45.0 45.0 45.0 45.0 45.0 45.0 45.0 45.0 45.0 45.0 45.0 45.0 45.0 45.0 45.0 45.0 45.0 45.0 45.0 45.0 45.0 