75 29
75 84 94 66 77 57 74 95 72 82 92 49 44 39 91 33 64 81 77 48 85 82 96 76 73 98 69 43 59 46 29 66 56 80 80 65 83 74 23 35 60 98 42 53 43 62 100 49 34 30 22 25 79 34 36 18 32 20 31 12 36 11 23 14 13 36 40 25 22 12 17 14 23 28 10 
2.0 2.0 2.0 2.0 1.7 1.7 1.3 1.3 2.0 2.0 1.3 1.7 2.0 2.0 2.0 1.7 1.7 1.3 1.3 2.0 1.0 2.0 1.3 1.3 1.0 1.3 1.3 2.0 1.0 1.7 1.3 1.7 1.0 1.0 1.3 1.3 1.3 1.3 2.0 2.0 1.0 1.0 1.7 1.3 2.0 1.3 1.0 1.0 1.7 2.0 2.0 1.7 1.0 1.3 1.3 1.7 1.0 2.0 2.0 1.7 1.3 2.0 2.0 1.0 1.0 1.0 1.0 1.0 1.3 1.3 1.7 1.3 1.3 1.0 1.7 
1.7 1.0 2.0 1.0 1.3 1.3 1.3 1.7 2.0 1.0 1.0 1.0 1.0 1.0 1.7 1.0 2.0 1.3 2.0 1.3 1.3 1.7 1.3 1.7 1.7 2.0 1.0 1.3 1.0 2.0 1.0 2.0 1.0 1.0 1.7 2.0 1.7 1.7 1.0 2.0 2.0 1.7 1.7 1.0 1.3 1.7 1.7 1.0 1.3 2.0 2.0 1.3 2.0 1.7 2.0 1.3 2.0 2.0 2.0 1.3 2.0 2.0 1.7 1.3 1.3 2.0 2.0 1.7 2.0 1.3 2.0 2.0 2.0 2.0 2.0 
6 12 7 10 8 6 6 6 6 14 11 8 9 8 11 6 6 9 6 9 8 12 12 8 6 9 13 10 9 6 6 9 9 13 10 7 12 11 9 7 6 12 9 15 15 11 15 13 13 9 7 11 15 10 9 10 7 9 14 8 12 6 15 6 6 11 13 11 12 11 14 9 15 15 11 
2
0.1 38 15 17 
0.5 32 19 31 
22
0 OR 61 
3 OR 42 
5 AND 44 
14 AND 44 
18 AND 57 
20 AND 42 
21 AND 42 
22 AND 44 57 
30 OR 57 
32 OR 42 57 
34 AND 61 
37 AND 61 
42 OR 33 
43 OR 57 
44 AND 33 
51 OR 61 
57 OR 33 
61 AND 33 
64 OR 44 33 
65 AND 44 
67 OR 42 
72 AND 61 
45.0 45.0 45.0 45.0 45.0 45.0 45.0 45.0 45.0 45.0 45.0 45.0 45.0 45.0 45.0 45.0 45.0 45.0 45.0 45.0 45.0 45.0 45.0 45.0 45.0 45.0 45.0 45.0 45.0 