75 29
99 93 84 78 68 82 91 88 98 86 43 85 82 76 72 82 52 44 80 51 76 87 97 55 35 73 49 43 90 68 50 71 35 99 68 83 88 75 51 100 38 81 74 16 55 69 45 30 26 25 35 59 52 41 38 82 28 18 42 43 27 33 36 31 13 51 12 16 29 19 12 24 34 19 12 
2.0 2.0 1.7 1.7 2.0 1.7 1.0 1.7 2.0 1.3 2.0 1.0 1.0 1.7 1.7 1.7 1.0 2.0 1.7 1.7 1.3 1.7 2.0 1.0 2.0 1.3 2.0 1.3 1.3 2.0 2.0 1.7 2.0 1.0 1.0 1.7 1.0 1.0 1.7 1.3 2.0 1.3 1.3 2.0 1.3 1.7 1.0 1.3 2.0 2.0 1.7 1.7 1.0 2.0 1.3 1.0 2.0 1.3 1.7 1.3 1.3 1.0 1.0 1.3 2.0 1.0 1.0 1.7 1.7 1.3 1.7 1.3 1.0 1.3 1.3 
1.3 1.0 1.0 1.0 1.0 1.7 1.0 1.0 1.7 1.3 1.3 1.3 1.0 1.3 1.0 2.0 1.0 1.7 2.0 1.3 1.0 1.3 2.0 1.0 1.0 1.3 2.0 1.0 1.3 1.7 1.3 1.3 1.7 1.7 1.7 1.7 2.0 2.0 1.3 2.0 1.7 2.0 1.7 1.0 1.3 2.0 1.3 1.7 1.7 2.0 1.3 2.0 1.3 1.7 1.3 2.0 1.3 1.3 2.0 1.7 1.0 1.3 1.0 1.7 1.3 1.7 1.0 1.0 1.7 1.0 1.0 1.7 2.0 1.7 1.7 
7 10 8 8 9 6 7 12 10 9 7 7 9 11 14 8 6 6 8 8 12 14 12 7 9 10 7 8 13 12 12 15 7 10 7 15 8 7 13 13 9 12 13 8 14 15 9 6 8 7 13 15 12 15 12 13 14 6 12 12 13 10 15 10 9 15 6 14 15 14 14 13 14 14 14 
0
24
3 OR 11 
5 AND 39 55 
6 AND 11 70 39 55 
8 OR 14 
10 OR 55 
11 OR 29 
12 OR 11 
14 AND 29 
17 AND 14 
18 OR 70 39 
27 AND 70 55 
30 OR 70 
36 OR 39 
39 AND 29 
40 AND 55 
48 OR 70 
49 OR 14 
55 AND 29 
60 OR 14 
62 AND 14 
63 AND 11 
64 AND 39 
70 OR 29 
72 AND 11 
45.0 45.0 45.0 45.0 45.0 45.0 45.0 45.0 45.0 45.0 45.0 45.0 45.0 45.0 45.0 45.0 45.0 45.0 45.0 45.0 45.0 45.0 45.0 45.0 45.0 45.0 45.0 45.0 45.0 