100 43
10 2 9 3 2 10 9 3 9 10 8 7 6 10 7 7 5 8 1 4 8 2 3 10 4 4 8 2 1 10 7 7 6 2 10 5 3 3 2 10 6 10 4 5 2 7 8 5 8 4 8 10 10 6 9 8 9 2 10 6 1 5 10 7 8 7 9 7 7 7 7 5 9 8 6 9 1 2 8 8 5 10 10 2 5 7 7 1 9 6 3 1 7 10 6 1 3 8 10 4 
2.0 2.0 2.0 2.0 2.0 2.0 2.0 2.0 1.7 1.7 1.7 1.7 1.7 1.7 1.7 2.0 2.0 2.0 2.0 2.0 2.0 2.0 2.0 1.7 1.7 1.7 1.7 1.7 1.7 1.7 1.7 1.7 1.7 1.3 1.3 1.3 1.3 1.3 1.3 1.3 1.3 2.0 2.0 2.0 2.0 2.0 2.0 1.7 1.0 1.0 1.7 1.7 1.3 1.3 1.7 1.7 1.7 1.3 1.3 1.7 2.0 2.0 2.0 1.0 1.0 1.7 1.7 1.7 1.0 1.0 1.0 1.0 1.0 1.0 1.3 1.3 1.3 1.3 1.3 1.3 1.3 1.3 1.3 1.3 1.3 1.3 1.3 1.3 1.3 1.0 1.0 1.0 1.0 1.0 1.0 1.0 1.0 1.0 1.0 1.0 
1.0 1.0 1.0 1.0 1.0 1.0 1.0 1.0 1.0 1.0 1.0 1.0 1.0 1.0 1.0 1.3 1.3 1.3 1.3 1.3 1.3 1.3 1.3 1.3 1.3 1.3 1.3 1.3 1.3 1.3 1.3 1.3 1.3 1.0 1.0 1.0 1.0 1.0 1.0 1.0 1.0 1.7 1.7 1.7 1.7 1.7 1.7 1.7 1.0 1.0 1.7 1.7 1.3 1.3 1.7 1.7 1.7 1.3 1.3 1.7 2.0 2.0 2.0 1.0 1.0 2.0 2.0 2.0 1.3 1.3 1.3 1.3 1.3 1.3 1.7 1.7 1.7 1.7 1.7 1.7 1.7 1.7 1.7 2.0 2.0 2.0 2.0 2.0 2.0 1.7 1.7 1.7 1.7 1.7 2.0 2.0 2.0 2.0 2.0 2.0 
20 4 18 6 4 20 18 6 18 20 16 14 12 20 14 14 10 16 2 8 16 4 6 20 8 8 16 4 2 20 14 14 12 4 20 10 6 6 4 20 12 20 8 10 4 14 16 10 16 8 16 20 20 12 18 16 18 4 20 12 2 10 20 14 16 14 18 14 14 14 14 10 18 16 12 18 2 4 16 16 10 20 20 4 10 14 14 2 18 12 6 2 14 20 12 2 6 16 20 8 
2
0.5 12 23 0 
0.3 60 44 68 
29
1 OR 85 
11 OR 97 
14 AND 85 
15 AND 97 
19 OR 65 
25 AND 97 
31 OR 85 
33 OR 94 
34 OR 97 
36 AND 76 
37 OR 65 
42 OR 33 
44 OR 65 
50 AND 97 
54 AND 76 
59 OR 85 
64 OR 65 
65 AND 94 
69 OR 76 
76 AND 94 
80 AND 97 
81 OR 85 76 
85 AND 94 
86 OR 65 
87 OR 85 
89 AND 76 33 
96 AND 65 
97 AND 94 
98 OR 76 
45.0 45.0 45.0 45.0 45.0 45.0 45.0 45.0 45.0 45.0 45.0 45.0 45.0 45.0 45.0 45.0 45.0 45.0 45.0 45.0 45.0 45.0 45.0 45.0 45.0 45.0 45.0 45.0 45.0 45.0 45.0 45.0 45.0 45.0 45.0 45.0 45.0 45.0 45.0 45.0 45.0 45.0 45.0 