50 21
3 7 10 3 1 3 6 7 7 8 2 6 4 9 2 4 4 5 4 4 1 3 10 6 2 1 3 2 5 7 2 3 9 6 10 5 10 3 5 3 7 5 8 6 10 5 4 4 2 10 
2.0 2.0 2.0 2.0 1.7 2.0 2.0 1.7 1.7 1.7 1.7 1.7 1.3 1.3 2.0 1.7 1.3 1.7 1.3 1.7 2.0 2.0 1.7 1.7 1.7 1.7 1.7 1.7 1.0 1.0 1.0 1.3 1.3 1.3 1.3 1.3 1.3 1.3 1.0 1.0 1.0 1.0 1.0 1.0 1.0 1.0 1.0 1.0 1.0 1.0 
1.0 1.0 1.0 1.0 1.0 1.3 1.3 1.3 1.3 1.3 1.3 1.3 1.0 1.0 1.7 1.7 1.3 1.7 1.3 1.7 2.0 2.0 1.7 2.0 2.0 2.0 2.0 2.0 1.3 1.3 1.3 1.7 1.7 1.7 1.7 1.7 1.7 2.0 1.7 1.7 1.7 1.7 1.7 2.0 2.0 2.0 2.0 2.0 2.0 2.0 
6 14 20 6 2 6 12 14 14 16 4 12 8 18 4 8 8 10 8 8 2 6 20 12 4 2 6 4 10 14 4 6 18 12 20 10 20 6 10 6 14 10 16 12 20 10 8 8 4 20 
2
0.3 38 19 46 
0.1 28 5 9 
15
7 AND 13 38 
9 OR 13 
13 AND 5 
16 OR 23 38 
23 OR 5 
24 AND 23 
26 OR 13 
27 OR 23 
28 AND 5 
37 AND 28 
38 OR 5 
39 OR 13 
42 OR 38 
46 OR 38 
49 AND 23 
45.0 45.0 45.0 45.0 45.0 45.0 45.0 45.0 45.0 45.0 45.0 45.0 45.0 45.0 45.0 45.0 45.0 45.0 45.0 45.0 45.0 