50 22
3 2 4 8 4 6 6 2 6 5 1 9 3 3 1 5 9 6 7 9 10 10 6 7 5 6 7 8 7 1 8 2 5 2 3 6 7 7 9 1 3 2 2 10 1 8 9 7 7 7 
2.0 2.0 2.0 1.7 1.7 1.7 1.7 2.0 2.0 1.7 1.7 1.7 1.7 1.7 1.3 1.3 2.0 2.0 2.0 2.0 2.0 1.0 1.0 1.0 2.0 1.3 1.7 1.0 1.3 1.3 1.7 1.7 1.7 1.7 1.7 1.7 1.0 1.0 1.0 1.0 1.3 1.3 1.3 1.0 1.0 1.0 1.0 1.0 1.0 1.0 
1.0 1.0 1.0 1.0 1.0 1.0 1.0 1.3 1.3 1.3 1.3 1.3 1.3 1.3 1.0 1.0 1.7 1.7 1.7 1.7 1.7 1.0 1.0 1.0 2.0 1.3 1.7 1.0 1.3 1.3 2.0 2.0 2.0 2.0 2.0 2.0 1.3 1.3 1.3 1.3 1.7 2.0 2.0 1.7 1.7 2.0 2.0 2.0 2.0 2.0 
6 4 8 16 8 12 12 4 12 10 2 18 6 6 2 10 18 12 14 18 20 20 12 14 10 12 14 16 14 2 16 4 10 4 6 12 14 14 18 2 6 4 4 20 2 16 18 14 14 14 
0
16
4 AND 34 
10 AND 35 
14 OR 43 
15 OR 47 
19 AND 35 
20 OR 35 
24 AND 43 
25 OR 43 
28 AND 4 
31 OR 47 
33 AND 35 
35 AND 34 
39 AND 47 
43 OR 34 
46 OR 47 43 
47 AND 34 4 
45.0 45.0 45.0 45.0 45.0 45.0 45.0 45.0 45.0 45.0 45.0 45.0 45.0 45.0 45.0 45.0 45.0 45.0 45.0 45.0 45.0 45.0 