75 29
9 7 3 6 5 3 6 10 5 7 5 2 3 3 4 8 10 8 1 9 2 4 7 3 3 7 9 5 1 5 8 2 10 7 5 10 6 8 10 8 2 4 7 8 7 6 10 9 9 1 3 3 4 2 1 9 6 1 2 4 9 10 2 3 1 4 1 4 1 1 1 4 7 5 2 
2.0 2.0 2.0 2.0 2.0 2.0 2.0 1.7 1.7 1.7 1.7 2.0 2.0 2.0 1.7 1.7 1.7 1.7 1.7 1.7 1.3 1.3 1.3 2.0 2.0 2.0 2.0 2.0 2.0 2.0 2.0 1.3 1.3 1.7 2.0 1.3 1.3 1.7 1.3 1.0 2.0 1.7 1.7 1.3 1.0 1.7 1.7 1.0 1.7 1.7 1.7 1.0 1.0 1.0 1.0 1.3 1.3 1.3 1.3 1.3 1.3 1.3 1.3 1.3 1.3 1.3 1.0 1.0 1.0 1.0 1.0 1.0 1.0 1.0 1.0 
1.0 1.0 1.0 1.0 1.0 1.0 1.0 1.0 1.0 1.0 1.0 1.3 1.3 1.3 1.3 1.3 1.3 1.3 1.3 1.3 1.0 1.0 1.0 1.7 1.7 1.7 1.7 1.7 1.7 2.0 2.0 1.3 1.3 1.7 2.0 1.3 1.3 1.7 1.3 1.0 2.0 1.7 1.7 1.3 1.0 1.7 1.7 1.0 2.0 2.0 2.0 1.3 1.3 1.3 1.3 1.7 1.7 1.7 1.7 1.7 2.0 2.0 2.0 2.0 2.0 2.0 1.7 1.7 1.7 2.0 2.0 2.0 2.0 2.0 2.0 
18 14 6 12 10 6 12 20 10 14 10 4 6 6 8 16 20 16 2 18 4 8 14 6 6 14 18 10 2 10 16 4 20 14 10 20 12 16 20 16 4 8 14 16 14 12 20 18 18 2 6 6 8 4 2 18 12 2 4 8 18 20 4 6 2 8 2 8 2 2 2 8 14 10 4 
0
29
6 AND 18 
12 OR 61 
14 AND 61 
15 AND 18 
18 OR 4 
20 OR 53 
22 OR 61 
24 OR 37 
30 AND 53 
31 AND 70 
33 AND 37 
34 OR 53 
36 AND 37 
37 AND 4 
38 AND 18 
45 OR 18 
50 OR 53 
53 AND 4 
55 OR 61 
58 OR 37 
61 AND 4 
62 AND 61 
63 OR 53 
64 AND 70 
65 OR 70 
68 AND 70 
70 AND 4 
72 AND 70 
73 AND 37 18 
45.0 45.0 45.0 45.0 45.0 45.0 45.0 45.0 45.0 45.0 45.0 45.0 45.0 45.0 45.0 45.0 45.0 45.0 45.0 45.0 45.0 45.0 45.0 45.0 45.0 45.0 45.0 45.0 45.0 