75 19
86 54 80 66 85 21 72 100 47 67 83 94 63 88 82 64 95 92 75 37 88 79 53 90 73 49 32 71 98 25 48 72 89 66 80 83 71 100 90 86 17 62 71 38 61 56 90 17 61 39 85 13 36 31 54 37 24 39 37 43 25 12 15 33 50 38 19 13 10 19 12 28 14 14 15 
2.0 1.3 1.7 2.0 2.0 2.0 1.0 1.7 1.3 1.7 1.0 1.0 1.7 1.0 1.7 2.0 1.7 1.7 1.3 1.3 1.0 2.0 1.3 1.3 1.3 1.7 1.7 1.7 1.7 1.0 1.3 1.0 2.0 1.7 1.3 1.7 1.7 1.0 1.3 1.7 1.7 2.0 1.3 1.3 2.0 1.7 1.0 2.0 1.3 1.0 1.0 1.3 1.0 2.0 1.3 1.7 1.3 2.0 1.7 1.0 1.3 1.7 2.0 1.7 1.0 1.0 1.0 2.0 1.7 1.7 1.7 1.0 1.0 1.3 1.0 
1.3 1.0 2.0 1.3 2.0 1.0 1.0 1.7 2.0 1.0 1.0 1.7 1.0 1.0 1.3 2.0 1.0 1.0 1.7 1.3 1.0 1.3 2.0 1.0 2.0 1.0 1.0 1.0 1.3 1.0 1.7 2.0 1.7 1.7 2.0 1.7 1.7 1.0 1.7 1.7 1.7 1.7 1.3 1.7 1.7 1.7 1.3 1.0 1.7 1.0 1.7 1.0 1.3 1.3 2.0 1.7 1.3 2.0 1.7 2.0 1.0 1.3 1.3 2.0 2.0 1.7 1.0 1.3 1.7 1.7 2.0 2.0 1.7 1.7 1.7 
1 1 1 2 2 1 2 3 1 4 3 2 4 4 5 3 8 8 3 2 5 7 2 7 3 6 4 9 10 2 3 3 9 6 5 8 7 10 7 10 2 9 9 4 10 8 10 5 7 6 8 3 5 9 7 8 6 10 10 6 10 5 8 10 9 10 9 10 5 10 7 10 7 10 10 
0
33
5 OR 29 
8 OR 47 
10 OR 72 
12 AND 13 
13 AND 29 
14 AND 13 
22 AND 72 
24 OR 47 13 
26 OR 67 
27 AND 67 
28 AND 67 13 
30 OR 72 
31 AND 67 
32 AND 5 
34 AND 72 
38 AND 5 
39 OR 72 
42 AND 67 
43 AND 67 
44 OR 72 
47 OR 29 
48 OR 5 
52 AND 47 
53 AND 5 
54 AND 13 
57 AND 5 
62 OR 13 
66 AND 47 
67 OR 29 
69 OR 47 
70 AND 5 
72 AND 29 
73 AND 47 
45.0 45.0 45.0 45.0 45.0 45.0 45.0 45.0 45.0 45.0 45.0 45.0 45.0 45.0 45.0 45.0 45.0 45.0 45.0 