100 20
66 79 89 69 97 82 79 57 99 64 73 62 95 81 94 38 74 69 51 83 75 78 71 53 59 38 96 100 48 27 66 38 27 50 93 37 87 97 18 81 65 99 41 54 30 98 63 55 71 92 92 22 42 83 83 99 24 86 62 62 46 44 77 99 62 84 54 34 37 43 59 95 47 67 10 46 38 71 65 70 41 34 28 36 24 24 70 37 55 20 11 26 61 16 13 13 21 15 18 11 
2.0 2.0 1.7 2.0 2.0 2.0 1.0 1.3 1.3 1.0 1.7 2.0 1.3 2.0 1.7 1.3 1.3 2.0 2.0 2.0 1.3 2.0 2.0 1.3 1.3 1.7 1.3 1.7 2.0 1.7 1.7 1.7 1.3 2.0 2.0 2.0 1.7 1.7 1.3 1.3 2.0 1.0 2.0 1.0 1.0 1.7 2.0 1.0 1.7 1.3 1.3 1.0 2.0 1.0 1.7 1.7 2.0 2.0 1.0 2.0 1.0 1.7 1.3 1.0 1.3 1.3 2.0 1.7 2.0 1.7 1.7 1.0 1.7 1.0 1.3 1.3 1.3 1.3 1.0 1.0 1.3 1.0 2.0 1.0 1.7 1.7 1.0 2.0 1.3 1.0 1.7 1.3 1.0 1.3 1.3 1.3 1.3 1.0 1.0 1.0 
1.0 1.3 1.3 1.3 2.0 2.0 1.0 1.0 1.0 1.0 1.0 1.3 1.0 1.0 1.0 1.3 1.3 2.0 1.0 1.0 1.0 1.0 1.7 1.3 1.0 1.3 1.7 1.0 2.0 1.0 1.7 1.0 1.7 1.7 2.0 1.0 1.0 1.3 1.3 1.0 1.3 2.0 1.0 1.7 2.0 1.3 1.3 1.0 1.0 1.3 1.0 2.0 1.3 2.0 2.0 1.7 1.0 2.0 1.3 1.3 1.0 1.7 1.7 1.7 1.0 2.0 2.0 1.3 1.0 1.0 2.0 2.0 2.0 1.7 1.0 1.7 1.7 2.0 1.7 1.3 2.0 1.3 2.0 1.3 1.0 1.3 2.0 2.0 2.0 1.3 1.3 2.0 2.0 1.3 2.0 1.7 1.7 1.7 2.0 1.7 
1 1 1 1 1 1 1 1 2 1 2 2 3 4 4 1 2 2 3 5 3 5 3 2 3 2 3 7 2 2 3 3 1 3 5 4 8 7 1 6 6 3 5 2 1 9 7 4 9 7 10 1 6 4 7 10 5 9 5 10 5 5 7 7 10 7 7 6 10 10 7 7 6 6 2 6 5 8 7 10 5 5 6 6 9 7 8 9 9 4 4 5 10 6 4 5 10 6 10 8 
0
40
0 AND 93 
1 AND 44 
2 OR 15 
3 AND 6 
8 AND 0 
9 AND 94 
10 AND 58 
11 OR 9 
15 AND 61 
20 AND 73 
21 OR 62 
24 OR 63 
25 AND 86 
28 OR 74 
35 OR 3 
36 AND 56 
40 AND 77 
44 AND 17 
45 OR 48 
47 AND 1 
48 OR 49 
49 AND 21 
50 AND 51 
51 AND 47 
54 OR 69 
56 AND 59 
58 AND 2 
62 AND 97 
63 AND 36 
65 AND 10 
66 OR 28 
69 AND 83 
73 AND 76 
74 AND 25 
76 AND 54 
77 AND 80 
86 OR 12 
92 AND 24 
93 OR 35 
94 AND 40 
45.0 45.0 45.0 45.0 45.0 45.0 45.0 45.0 45.0 45.0 45.0 45.0 45.0 45.0 45.0 45.0 45.0 45.0 45.0 45.0 