100 23
86 98 96 89 69 60 33 83 82 80 52 97 74 62 46 80 76 65 20 79 91 45 68 58 94 66 78 58 89 52 34 18 96 42 89 81 71 38 49 93 84 96 48 50 87 83 61 62 60 34 61 89 64 76 65 64 76 57 52 52 100 62 20 88 58 36 76 35 21 73 56 12 77 27 47 61 25 35 45 79 73 61 21 19 35 56 25 35 22 24 20 27 17 22 16 33 34 20 11 10 
2.0 2.0 2.0 1.7 1.0 1.7 1.3 2.0 2.0 2.0 2.0 2.0 1.3 1.0 1.3 2.0 2.0 1.7 1.0 1.0 1.7 1.3 1.0 1.7 2.0 2.0 1.0 1.3 1.0 1.7 1.7 1.0 1.0 1.3 1.3 1.7 1.3 1.7 1.0 2.0 1.3 1.3 2.0 2.0 1.0 1.7 1.7 1.3 1.0 1.0 1.7 2.0 1.0 1.0 1.7 1.7 2.0 1.0 1.3 1.7 1.3 1.7 1.0 1.3 1.3 2.0 1.3 2.0 1.7 1.3 2.0 1.7 1.0 1.7 1.3 1.0 1.3 1.0 1.7 1.0 1.0 1.0 2.0 1.7 2.0 1.0 1.0 1.0 1.7 1.7 1.3 1.3 2.0 1.0 2.0 1.3 1.0 1.7 1.3 1.7 
1.3 2.0 2.0 2.0 1.0 2.0 1.0 2.0 2.0 1.7 1.0 1.0 1.0 1.3 1.3 1.0 1.7 1.3 1.0 2.0 1.7 1.7 2.0 2.0 1.3 1.7 1.7 1.0 1.0 2.0 2.0 1.3 1.0 1.0 1.7 1.3 1.0 1.7 2.0 1.7 1.0 1.3 1.0 1.7 2.0 1.3 2.0 2.0 1.0 1.7 1.3 2.0 1.3 1.0 2.0 2.0 1.7 1.3 1.3 1.7 1.7 1.3 1.3 1.7 1.3 1.0 2.0 1.0 1.3 2.0 2.0 1.7 1.3 1.3 1.3 1.3 2.0 1.0 1.7 2.0 1.7 1.3 1.3 1.0 1.7 1.3 1.7 2.0 2.0 1.7 1.0 2.0 2.0 1.3 1.7 2.0 2.0 2.0 1.3 2.0 
1 1 1 1 1 1 1 2 2 3 4 8 4 2 2 7 4 4 1 2 5 2 2 3 9 5 3 5 6 3 2 1 7 4 5 8 7 3 2 9 9 8 8 5 4 10 5 4 6 2 8 9 5 8 6 6 10 5 6 6 9 10 2 9 8 10 7 10 4 7 9 2 10 6 8 8 3 7 9 8 9 10 7 7 9 10 4 5 6 8 9 7 7 7 8 10 8 8 6 6 
0
34
4 AND 86 5 
5 OR 18 
6 AND 8 5 
7 OR 5 
8 OR 18 
11 OR 85 
16 OR 79 
19 OR 85 
22 AND 8 
24 OR 5 
27 OR 5 
33 AND 79 
34 OR 8 
35 OR 79 85 
36 AND 86 
43 OR 79 
46 AND 85 
49 AND 79 
57 OR 8 
61 OR 8 
62 AND 79 85 86 
63 OR 85 
66 OR 5 
68 OR 86 
72 OR 86 
78 OR 8 
79 AND 18 
82 AND 86 
83 AND 5 
85 OR 18 
86 AND 18 
88 OR 79 
89 AND 85 86 
95 AND 8 
45.0 45.0 45.0 45.0 45.0 45.0 45.0 45.0 45.0 45.0 45.0 45.0 45.0 45.0 45.0 45.0 45.0 45.0 45.0 45.0 45.0 45.0 45.0 