50 12
89 74 85 50 97 40 59 62 81 96 86 41 92 83 83 81 46 50 61 85 41 37 57 90 25 49 45 35 50 64 62 94 61 97 42 31 86 65 56 32 18 22 26 32 12 13 19 10 12 12 
1.7 1.0 2.0 2.0 1.7 1.3 1.7 1.0 1.3 1.0 1.0 1.7 1.3 2.0 1.3 2.0 1.0 1.7 2.0 2.0 1.7 1.3 1.0 1.0 1.7 1.7 2.0 2.0 2.0 1.7 2.0 1.0 2.0 1.0 1.3 1.3 1.0 1.3 1.0 1.0 1.3 1.0 2.0 1.0 1.7 2.0 1.0 1.7 1.7 1.3 
1.3 1.0 1.3 2.0 1.7 1.3 1.3 1.0 1.3 1.3 2.0 1.7 2.0 1.7 2.0 1.3 1.3 1.3 1.7 2.0 1.0 2.0 1.0 1.0 2.0 1.0 1.0 1.0 1.0 1.3 1.7 2.0 2.0 1.3 2.0 1.0 2.0 2.0 1.7 1.7 1.3 1.0 2.0 2.0 1.3 1.3 2.0 1.0 1.3 2.0 
1 1 2 1 2 1 2 2 3 3 2 2 3 5 3 7 2 4 5 6 5 2 5 8 2 8 9 7 10 9 8 6 8 10 4 6 7 7 6 4 4 5 6 4 5 7 5 9 9 5 
2
0.1 2 44 42 
0.3 41 15 49 
17
9 OR 22 26 
10 AND 25 
14 OR 15 
15 AND 26 
16 AND 22 
19 OR 25 
20 OR 15 25 
22 AND 26 
23 OR 22 
25 AND 26 
29 AND 25 
33 OR 25 
37 OR 15 
40 OR 15 26 
44 AND 22 
47 AND 22 
49 AND 15 
45.0 45.0 45.0 45.0 45.0 45.0 45.0 45.0 45.0 45.0 45.0 45.0 