50 12
96 91 87 69 84 54 33 45 67 38 22 97 80 63 64 65 85 81 76 33 28 93 58 37 83 32 100 30 75 30 90 39 38 39 54 18 28 28 93 46 55 15 26 14 24 23 23 19 17 21 
1.7 2.0 2.0 2.0 1.7 2.0 2.0 1.0 2.0 1.7 1.7 1.0 1.7 2.0 1.7 2.0 1.7 1.3 2.0 1.7 2.0 1.3 2.0 1.3 1.0 1.3 1.7 1.7 2.0 1.3 1.3 2.0 1.3 1.7 1.7 1.3 1.7 2.0 1.0 1.0 1.3 1.7 1.3 2.0 1.0 1.0 1.7 1.0 1.7 1.0 
1.0 1.7 2.0 2.0 1.3 1.3 1.7 1.3 1.3 2.0 1.3 1.3 2.0 1.3 1.3 1.3 1.3 1.7 1.3 1.3 1.3 1.7 1.7 1.3 1.0 1.3 1.7 1.7 1.7 2.0 1.3 1.0 2.0 1.0 1.7 1.3 1.7 2.0 1.7 1.7 2.0 1.0 1.3 2.0 1.3 1.3 2.0 2.0 2.0 1.3 
1 1 1 1 2 2 1 1 3 1 1 3 3 5 5 6 7 4 8 3 3 5 5 3 7 3 10 3 9 2 10 9 3 9 8 3 5 5 10 5 7 7 8 5 7 9 10 5 8 10 
0
20
2 OR 29 
5 OR 45 
7 OR 49 
10 AND 13 
13 AND 27 
15 AND 2 
20 OR 25 
23 AND 8 
25 OR 44 
27 OR 37 
29 OR 35 
30 AND 46 
31 AND 23 
35 AND 36 
40 OR 47 
41 AND 10 
45 AND 31 
46 AND 7 
47 OR 20 
49 OR 18 
45.0 45.0 45.0 45.0 45.0 45.0 45.0 45.0 45.0 45.0 45.0 45.0 