50 11
50 98 76 67 66 97 89 51 81 61 36 27 96 58 13 59 67 85 61 48 73 90 65 23 74 65 63 35 43 95 48 10 66 50 86 44 40 36 80 56 59 49 36 13 32 26 18 10 14 13 
2.0 1.0 2.0 2.0 1.3 1.3 1.7 1.7 1.0 1.3 1.7 2.0 1.7 1.3 1.3 2.0 1.7 1.3 2.0 1.0 1.7 1.3 1.0 1.0 1.0 2.0 1.3 1.0 1.7 1.0 1.3 1.3 1.0 1.3 1.3 1.0 2.0 2.0 1.0 1.0 1.0 1.3 1.3 2.0 1.0 1.3 1.7 2.0 1.3 1.7 
1.0 1.0 2.0 1.0 1.3 2.0 1.3 1.0 2.0 1.0 1.7 1.0 1.0 2.0 1.0 1.0 1.0 1.0 2.0 1.7 1.0 1.0 1.0 2.0 1.3 2.0 1.0 2.0 1.7 1.3 2.0 1.7 1.3 1.3 2.0 1.0 1.3 2.0 1.7 1.3 1.7 1.7 1.3 1.7 1.0 2.0 1.7 1.3 2.0 1.3 
1 1 1 2 1 1 2 2 1 2 1 2 7 2 1 7 7 7 4 2 9 9 5 1 6 7 9 2 5 9 4 1 7 7 8 7 10 6 8 8 8 9 9 4 9 5 6 6 5 10 
0
18
1 AND 17 
3 OR 17 
11 AND 49 
16 AND 11 
17 OR 49 
18 OR 35 
19 OR 49 
29 OR 35 
30 AND 11 
32 AND 11 35 
33 AND 11 35 
35 AND 49 
36 AND 11 
38 OR 17 
40 OR 17 
41 OR 17 
42 AND 35 
44 AND 19 
45.0 45.0 45.0 45.0 45.0 45.0 45.0 45.0 45.0 45.0 45.0 