75 17
81 89 57 82 99 90 53 58 90 33 75 69 87 62 20 91 39 62 74 92 76 84 96 68 64 77 44 65 44 46 60 50 82 97 45 81 68 51 99 39 77 29 10 20 35 50 21 37 35 33 54 32 68 31 19 61 46 22 10 24 40 25 28 26 15 31 18 20 10 16 27 12 15 13 11 
1.7 1.3 2.0 2.0 1.3 1.3 1.7 1.7 2.0 1.0 1.7 2.0 1.3 1.3 1.3 1.3 1.0 1.0 1.7 1.7 1.0 2.0 1.3 2.0 2.0 1.0 1.0 1.7 1.7 1.7 1.3 1.0 2.0 1.3 1.7 1.3 1.0 1.3 1.0 1.7 1.7 1.3 2.0 1.3 1.3 1.7 2.0 1.0 1.7 1.0 2.0 2.0 1.0 1.0 1.7 1.3 1.3 1.0 1.7 1.0 1.3 1.0 1.0 1.7 2.0 1.0 1.3 1.7 2.0 1.3 1.0 1.7 1.3 1.0 1.3 
1.0 1.0 1.0 1.7 2.0 1.0 1.7 1.0 1.0 1.0 1.0 2.0 1.7 1.0 1.3 1.0 2.0 1.7 1.3 1.0 1.0 1.3 1.0 1.0 1.3 1.3 1.3 2.0 1.7 1.3 1.3 1.3 2.0 2.0 1.7 1.7 1.3 1.3 2.0 1.7 1.7 1.0 1.0 1.3 1.0 1.7 1.7 1.0 1.7 2.0 2.0 2.0 1.3 1.0 1.7 1.7 1.3 1.7 1.0 1.0 1.7 1.7 2.0 1.3 1.0 1.7 2.0 1.3 2.0 2.0 1.3 1.0 1.7 2.0 2.0 
1 1 1 1 1 2 1 2 5 1 4 3 3 4 1 6 1 2 6 10 5 9 9 10 8 5 3 5 4 6 6 4 9 7 5 7 6 6 6 5 10 5 3 3 7 8 4 6 6 3 10 6 10 6 4 10 10 3 4 6 8 4 4 10 9 6 4 9 4 5 10 10 8 7 8 
2
0.1 12 48 6 
0.1 35 4 55 
30
1 AND 34 
2 OR 9 
3 OR 13 
5 OR 34 
9 OR 7 
13 OR 7 
14 AND 34 
17 OR 13 
18 OR 34 50 7 
21 AND 9 
23 AND 50 
25 OR 50 
26 AND 55 
27 AND 55 
34 OR 7 
35 OR 13 
36 OR 50 9 
38 AND 13 
40 OR 55 
42 AND 34 
44 AND 9 
48 OR 50 
50 OR 7 9 
51 AND 13 
55 OR 7 
57 AND 9 55 
58 AND 50 
62 AND 34 
67 OR 13 
70 OR 55 
45.0 45.0 45.0 45.0 45.0 45.0 45.0 45.0 45.0 45.0 45.0 45.0 45.0 45.0 45.0 45.0 45.0 