50 13
97 80 51 53 78 57 39 77 55 88 97 82 96 79 40 91 88 81 57 62 34 92 51 25 90 34 67 28 100 57 16 42 10 89 72 31 70 22 25 24 51 33 21 20 16 16 14 14 20 21 
1.0 2.0 1.3 1.7 2.0 2.0 1.0 2.0 2.0 1.0 1.0 1.0 1.0 1.3 2.0 2.0 1.3 1.0 1.3 1.7 1.7 1.3 1.7 2.0 1.0 2.0 1.3 1.0 1.0 2.0 1.3 1.7 1.3 1.0 1.0 2.0 1.3 1.3 1.7 2.0 1.7 1.3 1.7 1.0 1.7 1.7 1.7 1.3 1.3 1.3 
1.0 1.3 1.3 1.3 1.7 1.7 2.0 1.0 1.0 1.7 2.0 1.7 1.0 1.3 1.0 2.0 1.3 1.0 1.0 1.0 2.0 2.0 1.3 1.0 1.7 1.0 2.0 1.3 2.0 2.0 1.0 1.3 1.0 2.0 1.3 1.3 1.7 1.3 1.0 1.3 2.0 2.0 1.3 1.0 2.0 1.7 1.0 1.7 1.3 2.0 
1 2 1 3 4 3 1 8 6 3 3 3 6 5 6 7 7 7 7 10 3 7 8 6 7 9 6 3 7 8 3 8 2 7 9 8 9 4 8 7 10 5 7 7 5 6 9 5 10 10 
0
21
1 OR 37 2 
2 OR 37 
3 OR 47 
4 OR 47 
7 OR 39 
12 OR 1 
13 OR 1 
16 AND 49 
18 AND 39 
27 OR 39 
29 AND 47 
30 OR 1 37 40 20 5 
33 OR 39 
37 OR 16 
38 AND 1 
39 AND 37 1 
41 OR 47 
44 AND 39 2 
45 AND 2 
47 OR 37 
48 AND 47 
45.0 45.0 45.0 45.0 45.0 45.0 45.0 45.0 45.0 45.0 45.0 45.0 45.0 