75 18
80 59 94 50 86 96 57 43 68 99 93 44 48 33 49 72 92 42 74 59 38 77 28 86 23 43 21 81 78 87 73 73 37 49 73 18 38 55 80 72 91 65 25 29 24 78 52 72 35 51 25 16 78 52 22 43 49 36 36 51 34 25 20 16 10 12 23 15 32 11 10 10 23 17 12 
1.7 1.3 2.0 1.7 1.7 1.3 1.0 1.7 1.3 1.7 1.7 1.3 1.7 1.0 1.0 1.7 1.3 1.0 2.0 1.0 1.0 1.3 1.0 1.3 1.0 1.3 2.0 1.0 1.7 1.7 1.7 1.3 2.0 2.0 1.0 1.3 1.3 2.0 1.0 1.0 1.3 2.0 2.0 1.7 1.0 1.0 1.0 1.0 1.0 1.0 1.0 1.7 1.0 1.3 1.7 1.0 1.0 2.0 1.3 1.0 1.3 1.7 1.3 1.7 1.7 1.7 1.3 1.3 1.0 2.0 1.3 2.0 1.3 1.3 2.0 
1.3 1.0 1.0 1.7 2.0 1.0 1.0 1.3 1.7 1.3 1.0 1.3 1.3 1.7 1.3 1.3 1.0 1.3 1.0 2.0 1.3 1.0 1.0 2.0 1.7 1.3 1.0 1.3 1.3 1.7 1.3 2.0 1.3 1.3 1.0 1.3 2.0 1.7 1.0 1.3 2.0 2.0 1.3 2.0 1.0 1.3 1.0 1.3 2.0 1.7 1.0 1.7 2.0 2.0 1.0 1.7 1.7 2.0 1.7 1.7 1.7 1.7 1.7 1.0 2.0 1.0 1.7 1.0 2.0 1.0 1.3 1.3 1.7 1.3 1.7 
1 1 3 1 2 4 2 2 2 5 7 2 3 1 2 5 7 2 10 2 2 7 2 4 1 4 4 6 10 9 10 5 6 8 8 2 3 8 10 7 8 9 6 4 4 10 9 10 4 7 6 4 10 9 10 7 8 10 8 9 8 8 5 9 3 8 7 8 7 10 5 8 10 10 9 
0
30
2 OR 64 
4 OR 59 
7 OR 64 
8 OR 21 64 
14 OR 21 64 
15 AND 64 
19 AND 59 
20 OR 59 
21 AND 57 
23 OR 21 
24 AND 21 
28 AND 59 
29 OR 64 
34 AND 59 
35 OR 21 
38 OR 59 
43 AND 59 
46 OR 21 
47 OR 21 
49 AND 59 21 
53 AND 59 64 
55 AND 21 
59 AND 57 
63 OR 59 64 
64 AND 57 
65 OR 59 21 
68 AND 21 
69 AND 64 
70 AND 59 
72 AND 21 
45.0 45.0 45.0 45.0 45.0 45.0 45.0 45.0 45.0 45.0 45.0 45.0 45.0 45.0 45.0 45.0 45.0 45.0 