300 250
62 76 79 99 24 32 58 38 47 13 38 24 82 11 22 30 75 98 48 98 91 58 85 61 98 95 51 55 19 53 46 89 30 24 75 18 85 22 44 50 23 90 47 14 54 59 22 71 70 34 34 26 43 41 16 15 96 97 65 100 14 98 93 52 57 70 90 68 85 79 29 39 71 68 97 54 88 15 45 30 11 38 11 84 87 92 81 79 46 55 82 35 61 24 56 53 24 38 87 17 65 16 96 89 70 25 28 32 92 10 89 93 47 92 18 44 19 10 65 45 32 98 77 90 96 34 17 45 71 43 18 75 86 52 79 72 18 46 72 48 61 61 48 80 67 19 50 42 26 26 94 26 19 66 60 93 54 66 20 45 83 27 45 78 74 56 41 14 99 39 81 72 19 74 44 62 98 27 67 42 26 39 86 56 77 24 50 51 73 28 10 20 61 91 97 98 61 58 83 90 97 74 67 38 38 30 98 28 10 52 49 11 78 99 37 87 26 31 34 79 12 19 25 22 60 78 74 16 91 49 61 26 45 90 30 96 89 98 18 51 79 85 50 93 89 46 12 14 36 24 34 12 31 19 32 81 24 30 64 99 44 58 57 41 84 45 29 48 43 61 30 94 32 71 32 46 67 72 70 46 48 98 83 66 73 58 71 68 24 98 45 84 34 42 38 71 92 32 54 15
1.4 1.4 1.3 2.0 1.5 1.7 1.1 1.2 1.5 1.0 1.8 1.2 1.7 1.7 1.6 1.9 1.4 1.9 1.6 1.0 1.2 1.2 1.6 1.8 1.0 1.3 1.1 1.7 1.0 1.7 1.3 1.1 1.4 1.1 1.2 1.0 1.1 1.8 1.1 1.6 1.7 1.3 1.7 1.1 1.5 1.4 1.9 1.7 1.5 1.0 1.4 1.8 1.6 1.1 1.9 1.6 1.2 1.6 1.6 1.6 1.1 1.5 1.8 1.5 2.0 1.2 1.1 1.4 1.6 1.8 1.1 1.1 1.9 1.3 1.8 1.9 1.3 1.6 1.4 1.5 1.3 1.4 1.7 1.4 1.1 1.4 1.2 1.8 1.3 1.3 1.8 1.9 1.4 1.5 1.6 1.3 1.4 1.8 1.5 1.5 1.6 1.1 1.3 1.2 1.8 1.6 1.5 1.2 1.0 1.1 1.2 1.3 1.5 1.9 1.2 1.2 1.0 1.5 1.4 1.5 1.9 1.6 1.6 1.2 1.5 1.2 2.0 1.3 1.3 2.0 1.4 1.6 1.9 1.6 1.4 1.0 1.3 2.0 1.8 2.0 1.5 1.5 1.8 1.6 2.0 1.9 1.5 1.7 1.2 1.9 1.3 1.7 1.9 1.0 1.3 1.1 1.3 1.9 1.7 1.0 1.1 1.7 1.6 1.3 1.2 1.0 1.8 1.4 1.9 1.3 1.5 1.8 1.0 1.9 1.2 2.0 1.5 1.4 1.5 1.2 1.3 1.8 1.4 1.8 1.2 1.7 1.5 1.5 1.0 1.8 1.6 1.4 1.0 1.5 1.4 1.3 1.8 1.6 1.7 1.7 1.9 1.1 1.9 1.1 1.6 1.0 1.1 1.2 1.1 1.6 1.4 1.9 1.7 1.2 1.6 2.0 1.6 1.4 1.0 1.2 1.5 1.5 1.5 1.7 1.7 1.4 1.1 1.7 1.9 1.6 1.5 1.0 1.2 1.3 1.4 1.4 1.8 1.7 1.6 1.0 1.5 1.4 1.2 1.1 1.9 1.7 1.2 1.6 1.7 1.0 1.8 1.3 1.4 1.4 1.0 1.1 1.1 1.4 1.9 1.7 1.9 1.0 2.0 1.1 1.2 1.4 1.6 1.8 1.9 1.3 1.7 2.0 1.9 1.6 1.6 1.8 1.9 2.0 1.1 1.3 1.4 1.9 1.2 1.7 1.6 1.3 1.7 1.1 1.2 1.9 1.5 1.9 1.9 1.4 1.7 1.9 1.6 1.6 1.2 1.9
1.4 1.6 1.4 1.2 1.8 1.3 1.8 1.1 1.3 1.2 1.2 1.5 1.1 1.3 1.1 1.2 1.5 1.9 1.6 1.0 1.4 2.0 1.4 1.4 1.5 1.6 1.4 1.6 1.6 1.5 1.0 1.4 1.8 1.4 1.6 1.7 1.8 1.4 1.4 1.7 1.4 1.9 1.9 1.8 1.8 1.9 1.8 1.8 1.2 1.5 1.5 1.6 1.1 1.5 1.0 1.5 1.9 2.0 2.0 1.3 1.5 1.4 1.0 1.4 1.2 1.6 1.7 1.2 1.4 1.4 1.8 1.3 1.2 1.3 1.0 1.9 1.2 1.7 1.3 1.6 1.5 1.9 1.7 1.2 1.2 1.4 1.8 1.4 1.4 1.8 1.9 1.5 1.6 1.1 1.5 1.7 1.7 1.6 1.5 1.6 1.5 1.2 1.3 1.4 1.6 1.8 1.8 1.9 1.6 1.2 1.5 1.3 1.9 1.2 1.4 1.2 1.8 1.5 1.4 1.3 1.2 1.9 1.4 1.0 1.5 1.8 1.7 1.3 1.6 1.5 1.2 1.9 1.2 1.1 1.6 2.0 1.2 1.4 1.2 2.0 1.7 1.7 1.0 1.2 1.6 1.6 1.5 1.4 1.1 1.4 1.6 1.2 1.7 1.0 1.9 1.1 1.7 1.1 1.8 2.0 1.3 1.0 1.1 1.4 1.0 1.3 1.8 1.4 1.0 1.5 1.1 1.3 1.8 1.6 1.8 1.5 1.6 1.9 1.3 1.2 1.4 1.3 1.2 1.8 2.0 1.0 1.6 1.9 1.1 1.9 1.3 1.6 1.6 1.5 1.3 1.2 1.3 1.7 1.3 1.7 1.6 1.8 1.7 1.2 1.0 1.6 1.4 1.1 1.2 1.8 1.1 2.0 1.9 1.6 1.3 1.1 1.8 1.6 1.6 1.6 1.8 1.2 1.1 1.1 1.2 1.2 1.3 1.5 1.1 1.4 1.8 1.7 1.8 2.0 1.1 1.6 1.5 1.3 1.5 1.7 1.8 1.5 1.2 1.5 1.1 1.6 1.2 1.6 1.5 1.5 1.9 1.4 1.1 1.1 1.4 1.9 1.2 1.9 1.7 1.4 1.3 1.0 1.7 1.6 1.5 1.8 1.0 1.3 2.0 1.6 1.3 1.1 1.1 1.3 1.3 1.2 1.2 1.1 2.0 1.0 1.5 1.1 1.3 1.6 1.0 1.7 1.4 1.4 1.9 1.3 1.0 1.8 1.8 1.5 1.5 1.6 1.8 1.1 1.1 1.4
15.5 12.0 12.1 11.2 18.3 15.0 16.8 18.6 13.5 15.1 12.4 18.7 18.7 11.9 16.5 12.0 16.8 18.0 18.7 15.4 13.2 10.6 10.0 12.7 17.4 13.3 18.9 15.7 18.7 12.1 10.2 16.3 14.7 17.3 14.3 12.3 18.8 19.0 16.2 16.1 11.1 10.8 12.1 19.1 15.3 17.2 10.4 15.0 16.1 19.6 13.3 13.1 16.4 16.3 13.3 10.6 15.8 13.1 11.2 19.0 17.9 10.7 11.9 11.5 19.4 11.7 16.0 19.0 13.1 18.3 16.3 11.0 15.8 17.5 18.1 14.6 18.5 13.4 16.6 19.0 13.3 15.6 14.8 13.1 12.9 12.7 15.4 18.7 16.6 14.0 16.7 14.4 13.2 17.4 14.8 14.8 17.9 12.0 13.3 15.2 15.8 15.6 12.6 19.4 19.7 16.0 13.6 11.9 11.0 16.0 17.0 16.0 14.9 16.4 19.1 12.0 18.9 18.0 14.6 17.2 15.3 16.6 17.5 12.9 18.0 15.3 19.0 15.5 10.7 11.8 17.3 12.6 12.9 14.7 18.6 11.0 17.9 18.1 15.8 13.5 16.2 12.8 16.3 12.9 14.7 19.5 12.3 19.9 18.1 15.8 11.8 10.4 13.5 15.6 11.5 13.9 11.0 18.3 18.2 13.4 10.3 14.4 19.6 13.4 15.2 10.1 18.5 18.5 18.0 12.6 13.6 19.0 10.5 18.5 19.3 10.9 18.3 18.8 18.8 18.4 12.9 10.0 12.6 13.1 17.4 15.2 11.0 14.8 18.4 17.8 13.5 11.5 10.3 15.5 10.3 13.2 17.5 19.2 18.9 18.4 16.9 11.8 11.7 17.7 19.3 14.3 16.3 15.7 18.2 16.8 12.4 15.0 14.9 19.9 13.2 12.2 16.8 10.5 19.5 15.6 14.0 12.4 13.3 10.0 10.7 16.7 11.2 12.2 17.3 13.7 19.7 12.0 14.7 18.5 14.5 10.1 11.2 17.5 16.3 16.9 10.7 15.2 18.0 18.4 13.6 19.7 16.0 17.6 17.6 13.0 14.0 18.1 13.3 17.3 18.8 11.2 18.6 13.3 15.6 17.9 16.5 16.5 10.9 19.0 18.9 17.2 13.2 13.1 13.6 15.7 18.0 14.7 10.4 19.4 14.7 16.8 11.2 19.8 17.0 13.6 13.1 13.5 11.6 12.5 13.0 16.9 17.5 10.3 17.1 16.1 12.1 13.7 11.8 15.3 19.3 14.3 13.5 11.7 10.6 19.0
5
1.4 24 36 82
1.4 114 256 263 246
1.6 60 3
1.6 19 56 185
1.6 97 175 264 260
96
2 OR 1
3 AND 1 0
6 AND 1 4
7 OR 4
11 OR 3 2
15 AND 3
19 AND 12 1
20 AND 18
27 AND 6
32 AND 11
33 OR 32 25
43 AND 41 5
45 AND 37
49 AND 18 4
51 OR 11
58 AND 37 11
59 AND 34
66 AND 58
70 OR 63 12
75 OR 58 13
83 AND 75
84 OR 9
85 AND 36
88 OR 82 10
89 AND 9 73
94 AND 69 40
95 OR 72
97 OR 8 36
98 OR 65 41
99 OR 73
101 AND 37 53
102 AND 84 15
103 OR 17 74
105 AND 42 47
107 AND 96
108 OR 7 72
110 AND 24
118 OR 14
119 OR 18
127 OR 15 63
130 AND 73
135 OR 122
136 AND 4
138 OR 61 37
140 OR 116 122
141 OR 127 104
142 AND 107
146 OR 124 42
147 AND 129 116
148 OR 130 73
149 OR 126 87
150 AND 71
160 OR 135 92
164 OR 85 32
165 AND 21 98
174 AND 85
180 AND 59 25
187 AND 84
194 OR 143 51
201 AND 21 157
202 OR 71
208 AND 203
210 AND 169 46
213 OR 37
214 OR 198 76
216 OR 27
217 AND 137 175
219 OR 39
227 AND 115
232 AND 197
233 OR 166
234 OR 170
238 OR 65 14
242 AND 146
243 OR 175
245 OR 41
248 AND 120
249 OR 230
251 OR 142 127
252 OR 112
253 AND 169
255 OR 211 44
257 OR 6 232
258 OR 84
263 OR 99
265 AND 236 187
268 OR 142
271 AND 150
278 AND 21 231
281 AND 36
286 OR 157
287 OR 164
291 OR 79
293 OR 201 215
295 AND 84
296 AND 173
78.5 91.3 92.1 81.0 89.9 71.9 84.8 71.1 82.7 51.8 78.5 59.6 76.6 87.3 99.1 88.3 87.8 82.5 52.4 60.8 94.4 55.7 68.4 57.4 74.7 83.8 90.0 87.1 76.4 59.8 51.1 96.1 55.6 75.2 70.6 91.8 86.8 77.7 70.9 58.6 89.7 60.9 74.2 66.5 53.7 93.6 75.2 70.1 86.4 95.3 60.1 70.2 51.2 69.2 58.1 96.3 88.6 96.8 90.7 76.9 70.9 97.4 62.3 77.4 78.6 95.8 71.1 62.6 73.8 87.2 90.4 94.7 84.1 86.2 89.4 70.9 91.9 91.1 79.9 93.0 82.7 66.3 79.6 69.6 89.0 84.4 91.1 94.7 67.4 95.2 54.2 70.8 85.2 83.5 88.6 64.2 88.3 91.7 96.9 97.9 55.4 52.8 90.1 87.7 50.6 52.5 83.1 82.6 58.8 75.1 70.0 85.9 78.5 55.1 67.5 87.4 65.3 66.5 86.4 61.8 83.0 96.8 76.5 78.2 73.7 92.4 52.2 78.2 71.6 83.5 60.0 64.5 64.2 72.4 67.2 65.6 50.3 87.6 76.7 79.6 77.8 84.5 92.4 74.2 95.9 53.0 67.2 73.3 97.2 62.7 96.6 72.9 54.6 78.5 50.8 83.7 96.0 92.9 86.1 87.0 60.3 52.0 91.6 97.1 71.2 91.1 99.2 61.1 94.7 83.9 92.5 95.3 83.3 88.7 64.5 56.9 81.4 56.9 82.7 85.7 60.8 87.8 81.0 89.4 85.7 90.6 64.1 89.7 72.3 53.7 88.3 85.8 84.9 73.5 54.0 93.3 93.0 63.9 62.8 63.4 94.9 68.7 84.2 50.5 72.8 95.1 69.6 83.1 92.3 84.3 59.6 93.1 77.7 58.2 61.6 95.3 98.5 58.5 94.1 58.6 96.2 63.2 70.0 92.3 93.8 90.9 85.6 50.8 80.7 88.6 51.7 82.2 60.2 56.2 51.2 99.8 78.6 55.0 84.3 53.6 62.6 90.5 86.9 95.7 87.3 99.5 52.9 76.4 58.3 96.7
