60 25
19 61 15 85 85 39 91 76 29 84 78 14 13 18 50 90 16 13 27 80 47 77 52 21 60 100 71 56 29 70 69 19 68 99 79 89 24 65 38 53 74 66 45 29 23 86 55 18 87 52 68 61 33 59 48 55 36 24 84 41
2.0 1.7 1.7 1.3 1.8 1.8 1.4 1.2 1.5 1.7 1.6 1.8 1.7 1.2 1.4 1.7 1.3 1.6 1.7 1.9 1.9 1.4 1.7 2.0 1.5 1.7 1.2 1.2 1.9 1.1 1.4 1.2 1.8 1.5 1.9 1.3 1.7 1.4 2.0 1.8 1.7 1.4 1.4 1.1 1.2 1.1 1.8 1.3 1.6 1.8 1.5 1.3 1.4 1.3 1.5 1.3 1.0 1.0 1.6 1.9
2.0 1.9 1.4 1.7 1.6 1.7 1.5 1.9 1.7 1.3 1.6 1.5 1.9 1.0 1.8 1.1 1.8 1.6 1.2 1.4 1.3 1.7 1.0 1.6 1.6 1.4 1.6 1.8 1.1 1.4 1.7 1.4 1.1 1.1 1.6 1.7 2.0 1.4 1.2 1.9 1.2 1.2 1.8 1.3 1.4 1.7 1.6 1.7 1.1 1.6 1.5 1.6 1.6 1.4 1.8 1.4 2.0 1.4 1.9 1.6
1.0 2.0 5.0 2.0 2.0 21.0 13.0 1.0 21.0 5.0 1.0 3.0 21.0 8.0 21.0 13.0 1.0 2.0 8.0 3.0 1.0 21.0 8.0 1.0 2.0 21.0 8.0 2.0 3.0 3.0 5.0 3.0 8.0 5.0 21.0 5.0 2.0 2.0 3.0 3.0 5.0 3.0 3.0 3.0 2.0 2.0 3.0 13.0 1.0 2.0 13.0 21.0 13.0 21.0 5.0 13.0 1.0 2.0 3.0 1.0
5
2.0 10 6 5
1.9 11 13 2 48
1.8 22 24 46
1.3 4 3 47
1.8 24 1 2
21
3 OR 2 1
7 AND 2 6 0
8 OR 5
11 OR 4 0
13 AND 0 5 10
19 OR 11 17 16
20 OR 7 3 10
22 AND 13 19 5
30 OR 28 29 21
31 AND 23
36 OR 30 5
39 OR 30 7
40 OR 27 30 36
42 OR 33 31 11
43 OR 23 13 25
45 OR 35
50 OR 42 21 20
52 AND 50 15 48
54 AND 31 12 49
55 OR 20 1
58 OR 8
57.0 54.6 72.6 51.1 95.6 91.4 57.8 93.7 98.9 88.3 88.7 56.0 61.9 73.7 59.4 91.8 69.5 82.2 69.8 98.5 66.2 93.0 93.6 81.7 53.7
