25 16
19 61 15 85 85 39 91 76 29 84 78 14 13 18 50 90 16 13 27 80 47 77 52 21 60
2.0 1.5 1.2 1.5 1.1 1.7 1.5 1.1 1.2 1.5 1.8 1.3 1.1 1.4 1.1 1.3 1.9 1.2 1.3 1.8 1.2 1.1 1.2 1.6 1.7
1.7 1.1 1.3 1.1 1.6 1.4 1.8 1.6 1.6 1.2 1.5 1.1 1.1 1.9 1.2 1.0 1.7 1.2 1.3 1.6 1.9 1.0 1.6 1.0 1.8
4.3 1.8 4.5 6.9 2.2 4.4 8.0 8.4 7.6 5.2 7.3 2.3 4.5 3.8 2.2 1.4 1.5 9.8 4.4 3.9 6.9 7.5 9.1 9.2 1.5
5
1.6 9 20 13
1.7 2 4
1.5 19 22 6 0
1.2 5 21 0
1.3 23 20 22 12
8
1 OR 0
2 AND 0
7 AND 1
8 OR 5 2
14 OR 9
19 AND 18 2 7
20 AND 2 13 1
23 AND 3 16
34.9 37.8 36.1 41.1 34.8 48.0 36.6 47.9 48.5 43.2 35.4 31.1 49.9 48.5 39.8 31.2
