350 100
91 24 13 45 41 38 27 23 96 79 21 85 64 14 13 21 37 39 74 87 13 81 35 93 99 79 63 38 67 85 45 10 30 99 64 53 45 29 37 53 23 21 58 22 55 54 87 43 15 68 78 25 58 20 80 47 90 89 56 83 34 100 18 15 94 39 47 20 39 22 58 45 68 91 56 30 57 55 36 95 44 99 97 92 19 87 91 31 78 41 30 69 58 44 91 98 81 38 97 51 17 39 14 50 61 44 18 37 82 50 37 93 73 60 92 68 28 43 27 41 81 78 43 84 64 84 61 56 38 27 75 73 21 16 24 29 90 30 97 64 86 18 59 58 86 69 77 42 80 11 97 24 97 78 44 92 53 24 47 65 30 68 10 43 74 32 74 23 90 48 91 74 87 35 29 57 30 79 77 10 86 51 72 12 24 56 49 40 17 40 82 20 20 72 18 78 26 26 94 70 80 31 43 77 87 64 37 79 98 35 49 61 95 93 57 66 76 67 25 41 38 18 53 12 85 80 39 85 38 10 19 100 90 17 39 18 14 52 19 75 40 45 95 72 37 79 26 83 83 70 41 70 62 34 22 22 94 65 55 64 62 69 16 96 93 92 22 17 61 53 23 41 34 34 78 67 27 64 33 45 69 41 19 66 80 22 16 93 79 11 21 40 31 62 72 71 37 61 17 31 58 10 59 43 68 46 64 99 81 94 72 29 34 47 37 17 84 79 17 50 17 16 84 71 74 77 30 17 75 20 33 18 86 18 96 40 61 25 82 41 84 86 15 89 20 63 94 84 82 76
1.9 1.7 3.5 1.9 1.7 1.1 3.4 2.6 4.7 4.7 0.5 3.3 3.0 0.9 2.9 2.8 1.1 2.1 0.8 1.6 1.8 2.5 2.9 1.9 4.9 4.1 2.9 3.5 3.0 4.7 1.0 4.5 1.7 4.5 3.8 1.2 1.8 1.4 2.0 3.6 4.3 2.8 1.6 4.6 0.7 3.4 4.2 0.7 2.0 1.1 4.9 1.2 2.5 3.7 3.0 1.0 4.8 3.6 1.2 0.7 2.2 3.0 2.4 0.7 2.1 4.7 4.9 0.7 2.1 3.6 3.5 2.1 3.0 4.4 4.9 3.9 4.7 1.6 1.2 4.1 1.3 2.4 1.3 4.7 4.0 2.4 3.5 3.8 1.6 1.2 3.7 2.2 0.7 2.6 1.4 4.6 2.1 4.2 4.4 1.5 3.5 2.3 1.8 0.8 4.0 2.1 2.8 3.6 4.3 2.0 0.6 4.4 1.7 3.1 4.9 0.7 3.2 2.1 4.0 2.5 4.9 1.0 4.5 1.4 0.7 2.5 2.8 4.1 3.6 4.7 3.8 1.4 2.4 4.8 4.6 3.3 3.5 1.1 4.6 2.8 3.5 2.0 3.6 3.0 1.4 3.5 2.2 3.9 1.3 3.1 2.3 4.3 1.9 1.4 4.0 3.2 2.0 2.5 3.5 2.8 4.1 4.8 3.8 3.5 1.8 3.5 3.3 0.9 4.8 1.6 1.9 4.1 1.2 0.7 4.9 3.3 4.0 2.5 4.5 3.1 3.7 2.2 2.3 1.2 3.6 4.5 4.4 4.5 4.0 1.5 4.1 3.6 2.6 3.0 4.6 1.0 1.1 2.6 2.9 3.0 1.9 3.9 2.5 4.2 4.5 2.4 4.6 2.5 1.2 4.4 2.5 3.9 4.3 1.7 4.0 2.7 1.6 2.5 3.7 1.6 2.0 4.5 0.9 1.2 2.2 1.2 1.5 2.4 2.0 2.6 0.8 4.2 2.3 4.0 4.8 0.6 4.5 3.1 2.6 4.7 1.8 2.3 4.5 4.3 2.9 3.8 4.1 4.5 2.7 1.7 2.7 2.2 3.5 4.1 3.8 4.3 4.6 4.9 2.9 4.6 3.2 3.5 0.9 2.4 4.4 1.3 1.7 2.0 2.5 2.0 4.5 1.8 4.8 2.4 4.3 2.6 3.9 0.7 4.8 1.5 0.8 4.8 0.7 0.6 1.6 4.3 3.3 1.6 2.6 1.0 4.8 2.6 1.7 2.2 3.2 4.8 3.7 4.0 1.2 1.9 3.1 4.7 3.1 4.6 2.2 4.7 1.4 3.2 4.2 1.6 3.6 1.9 3.6 4.1 4.1 3.0 0.7 2.9 3.5 0.8 3.4 0.6 2.4 2.7 2.5 2.1 4.5 2.6 1.2 1.3 2.8 3.4 3.3 4.6 4.0 2.6 4.2 3.2 2.0 1.6 4.7 1.8 2.5 3.9 3.1 3.5 2.0 2.7 2.0 2.7
2.2 1.8 1.9 3.3 4.5 3.1 2.9 1.5 1.7 2.4 3.1 1.7 2.7 3.8 2.6 0.8 2.0 2.4 1.7 3.6 2.3 3.1 2.2 5.0 3.1 2.2 2.7 2.0 1.7 3.8 2.1 3.9 4.8 3.7 1.5 3.9 1.9 3.2 4.0 3.3 4.9 4.3 2.0 2.3 2.0 3.7 1.2 0.9 0.9 2.0 4.8 3.4 3.9 1.1 0.8 1.9 2.8 2.2 4.9 1.8 4.4 1.2 1.0 2.8 3.2 3.7 1.4 4.2 4.8 1.1 1.8 3.1 2.5 3.3 3.4 4.0 2.3 4.6 2.0 3.2 2.5 3.1 1.0 4.8 1.1 4.0 3.4 1.8 1.0 1.7 3.1 1.4 2.5 3.7 2.7 0.8 1.9 1.9 4.4 1.0 1.7 1.8 4.1 3.2 4.2 1.6 1.2 1.7 1.3 1.8 1.3 1.0 4.1 3.3 4.2 4.7 2.6 2.7 2.0 2.4 1.9 3.0 2.6 3.3 4.5 3.9 3.3 0.8 1.7 3.6 4.4 3.2 0.8 4.0 4.2 3.2 4.0 1.5 2.9 2.6 1.9 5.0 2.6 4.2 4.9 2.7 2.5 2.1 1.1 1.4 2.5 2.8 3.5 2.4 4.0 0.9 1.1 1.8 1.2 4.0 4.4 4.2 0.7 4.4 2.7 0.9 2.9 3.4 2.8 2.6 0.9 1.8 1.3 1.9 4.5 2.8 0.8 3.4 4.1 3.8 2.0 0.8 2.5 1.7 4.3 1.2 4.8 3.5 1.4 4.7 2.0 3.7 2.5 2.8 2.7 2.7 1.3 1.5 3.3 3.9 1.3 1.0 4.0 4.4 2.2 4.1 1.8 0.7 3.8 4.3 3.2 3.5 4.4 2.6 2.8 2.1 4.0 2.3 4.7 4.4 4.9 1.7 2.3 4.4 2.5 2.1 2.7 4.6 2.3 5.0 4.1 3.5 1.4 4.8 1.2 4.9 2.1 1.1 4.3 1.1 4.6 0.8 1.3 4.4 4.9 1.0 4.1 1.8 3.4 2.4 1.0 2.1 3.6 3.0 4.8 3.4 4.5 2.8 3.0 3.4 1.7 3.6 1.9 1.7 1.1 4.9 4.0 3.7 1.1 1.4 2.0 0.8 2.1 0.9 2.2 2.6 1.8 2.5 3.6 1.5 1.5 3.3 2.3 3.6 2.8 3.2 1.7 3.4 2.7 3.6 4.6 2.7 1.9 3.1 1.0 4.8 4.9 2.0 4.8 3.7 2.7 2.0 5.0 4.4 1.2 2.3 2.2 2.0 3.7 0.8 4.3 2.4 0.7 4.4 4.0 4.9 4.6 3.9 4.3 4.6 4.0 1.7 4.1 1.6 1.5 1.8 3.9 4.0 3.6 1.3 1.1 3.4 0.9 4.1 0.8 2.3 1.3 4.6 2.1 2.5 1.6 4.1 4.5 2.3 2.9 1.9 1.4 4.6 4.8 4.9
17.4 26.1 25.1 20.0 14.1 24.3 16.4 23.1 23.1 19.0 25.7 21.4 14.4 18.9 17.0 14.9 18.5 24.2 16.9 18.7 22.6 18.6 23.1 20.1 22.3 27.1 17.9 22.2 22.7 22.5 20.0 23.5 22.7 14.8 13.7 13.6 27.9 14.7 16.5 21.1 18.8 18.6 27.2 23.4 21.1 21.8 23.9 26.3 22.8 25.5 22.2 27.1 17.2 23.4 16.3 19.7 16.5 18.4 27.7 18.5 26.5 22.7 13.9 17.1 27.5 27.2 25.4 14.4 16.2 22.6 27.6 13.8 18.0 27.8 24.8 16.1 25.4 21.3 21.8 25.2 16.5 24.6 24.8 21.9 17.2 27.8 27.8 21.1 25.0 14.6 26.0 15.0 18.4 24.8 21.8 13.2 17.0 14.9 19.3 14.7 14.0 19.7 18.4 21.9 19.8 16.3 22.2 23.9 26.6 22.9 17.5 22.7 13.5 28.0 25.7 19.4 14.6 23.7 19.7 26.5 17.8 15.2 14.9 22.4 21.8 23.7 18.7 22.0 17.4 20.6 19.5 24.9 14.7 22.8 26.2 21.3 26.0 19.5 26.3 19.2 25.4 19.0 23.9 17.7 17.7 16.8 27.3 23.3 20.1 14.4 14.3 19.5 24.2 18.6 15.0 13.9 27.3 21.4 23.1 19.2 26.1 27.1 19.3 26.7 13.8 17.3 17.7 14.6 20.6 15.3 20.2 25.7 18.3 21.3 14.7 17.2 16.4 19.4 21.4 24.5 22.3 23.1 21.4 22.1 22.9 23.4 13.4 17.1 24.4 26.8 18.3 15.7 15.1 22.9 14.0 24.1 27.6 14.4 21.0 18.6 19.8 15.4 17.7 17.9 27.1 21.9 26.3 15.3 24.3 13.7 14.2 19.6 19.4 22.1 19.2 16.2 20.7 18.2 14.7 23.2 21.9 20.9 17.6 16.3 27.8 13.8 16.1 27.2 24.5 24.5 17.3 14.8 20.5 19.5 14.9 21.0 16.5 21.4 23.0 18.3 19.0 24.1 19.5 19.9 14.2 17.7 19.4 19.1 22.6 17.3 19.1 27.5 15.6 27.2 19.9 23.3 18.4 19.6 14.6 19.5 19.0 14.2 26.1 24.2 16.3 24.7 14.1 22.5 21.0 15.9 24.6 18.3 27.4 22.7 15.2 14.5 16.8 15.6 15.3 24.4 14.1 27.3 22.4 20.0 21.5 21.7 23.2 26.2 22.6 27.8 17.8 27.6 17.7 19.6 20.0 22.5 24.9 21.9 18.3 14.1 19.9 13.6 18.5 17.3 22.7 27.7 14.4 21.9 18.8 21.7 27.3 24.1 13.6 26.6 21.6 15.8 22.1 20.5 27.4 19.8 25.2 25.6 27.7 14.3 22.7 13.6 23.6 27.9 20.9 22.1 18.5 26.8 18.8 24.6 23.2 13.8 22.5 18.0 17.9 21.4 18.8 16.8 25.8 27.5 22.0 15.3 14.2 23.0 26.8 17.7
5
1.9 131 110
1.8 311 270 216 56
1.2 154 62
1.3 327 318 234
1.7 305 274 8
97
2 AND 315
4 AND 269 185
13 OR 183
20 OR 330 90 238 246 324 94
21 OR 18 151 104 23 103 22 162 159
24 AND 147 183 25 336
25 AND 224 205 226 198 174 96
31 AND 280 151 165
33 OR 309 219 86 228 180 229 21 181
37 OR 187 263 348 82 15 74 312
39 OR 331 188 186 197
40 AND 348 231 190
46 AND 13 96
49 AND 229 110 314 147 252
50 OR 232 89
52 OR 342 178 33 282 278 149
59 AND 72 122 253 13
63 AND 33 159
69 AND 329 37 231 239 349 265
73 OR 222 258 28
76 AND 178 266 146 40
79 AND 315 274 47 258 329
81 OR 289 21 14 41 23 329
82 AND 293 214 317 328
87 AND 153 233 37 30 80 226 213
88 OR 161 164 177
89 AND 264 288 54 164 124 239
91 OR 149
99 AND 256 264 240
101 AND 259 235 124 111 299 181 24
115 AND 37 198 259 231 282
118 OR 202 192
122 OR 257 20 23 19 70 171 243
123 AND 168 314 164
126 AND 260 261 273 251 289 154
127 AND 345 56 214 299 158 323
135 AND 75 349 124 16 294 56 97
137 OR 211 257 314 242
139 AND 266 106 288
143 OR 280 182 347 349 330 135
144 OR 142 286 153 115
154 AND 203 177 74 148 21 147 40
156 OR 109 103 276 138 288 139 70 55
158 AND 327 119 26 51
160 AND 2 282 80
164 OR 165 146 331 30 45
165 AND 89
168 OR 254 95 148 19 4 152 291
175 OR 139 98 57 169 83 235 332 131
176 OR 151 291 346 98 89 313
180 AND 94 71
182 AND 120 229 136 168 154 299 294
185 AND 239 157
194 OR 245 78 233
201 AND 349 306 41 270
203 OR 31 281
204 AND 84 167 267
210 OR 263 213 234
214 AND 1 111 297 37 23
217 AND 242 16
218 AND 329 331 215
223 AND 335 178 60
227 OR 11
232 OR 177 79 141 96 57 16 339 214
235 AND 51 305
238 AND 205
242 OR 119 295 163 296 307
244 AND 339 267 113
245 OR 321 348 218
246 AND 330 344 195 269 163 213
247 OR 276 242 123
255 AND 130 104 169 332
260 OR 345 310 309 20 37 96 301
266 OR 60 245 124 310
268 AND 144 194 238 274 333 183
276 AND 211 23 289 113 74 8
280 OR 117 194 292 125 255 282
282 AND 329 251 235 86 180 71 279 250
288 AND 3
290 AND 4 111 258
291 AND 338 249 8 3 272 282 210 6
294 OR 91 54 49 268 76 123 98
295 OR 136 203 40 191 207 235
297 OR 335 333
298 AND 193 282 243 28 327 4 87
306 AND 138 23 38 143 278 288 337 16
308 AND 300 73 203 39
318 OR 27 50 223 118 38 174
326 OR 221 95 349 299 339 194 43
327 AND 37 42 137 78
329 AND 162 184 54 46 2 157 227
330 AND 44 95 220
333 AND 283 47 305 306 166 197
339 AND 194 86 71
340 AND 32 85 222
341 OR 184 128
346 AND 202
66.20 66.50 45.20 68.40 43.40 62.40 65.70 53.10 45.10 68.10 77.90 79.90 76.50 43.70 66.80 60.30 40.70 52.40 78.00 53.70 70.60 47.70 80.00 46.20 51.80 71.50 60.30 61.60 69.50 61.10 66.50 75.10 64.70 63.90 46.20 47.20 67.70 65.00 76.10 68.80 41.70 54.60 68.80 78.80 64.40 70.10 71.40 49.40 49.60 78.60 71.40 76.20 47.80 67.10 62.80 57.60 70.80 71.10 60.10 56.70 46.50 48.00 64.20 74.90 42.10 59.20 54.80 77.40 68.50 60.60 45.00 43.40 46.40 58.00 60.50 73.20 43.70 76.40 72.70 75.40 77.20 56.60 55.90 55.00 55.40 43.30 49.00 52.70 44.00 68.60 53.40 45.80 41.50 76.70 58.90 73.20 70.40 58.80 64.60 76.20
