60 25
44 63 72 42 20 48 53 12 19 71 11 24 46 25 49 93 14 89 18 27 44 29 37 64 19 88 62 28 99 17 14 32 51 42 55 50 22 62 21 12 52 50 59 99 77 94 78 90 89 99 92 42 85 94 17 73 57 36 54 29
1.6 1.0 1.5 1.6 1.3 1.4 1.8 1.1 1.5 1.1 1.4 1.9 1.6 1.0 1.9 1.7 1.5 1.3 1.3 1.2 1.6 1.0 1.9 1.1 1.6 1.6 1.4 1.3 1.4 1.3 2.0 1.6 1.5 1.7 1.5 1.1 1.0 2.0 1.8 1.1 1.6 1.8 1.9 1.1 1.1 1.4 1.6 1.1 1.7 1.8 1.4 1.8 1.4 1.8 1.4 1.4 1.4 1.7 1.9 1.1
1.6 1.8 1.7 1.2 1.4 1.9 1.2 2.0 1.4 1.5 1.7 1.7 1.6 1.9 1.6 1.9 1.7 1.6 1.1 1.9 1.2 1.2 1.0 1.6 1.4 1.7 1.8 1.9 1.8 1.8 1.4 1.1 1.8 2.0 1.5 1.9 1.6 1.4 1.8 1.1 1.4 1.7 1.1 1.6 1.4 1.2 1.4 1.7 1.7 1.6 1.8 1.4 1.6 1.1 1.7 1.7 1.6 1.8 2.0 1.7
2.0 13.0 3.0 3.0 13.0 21.0 21.0 13.0 8.0 13.0 2.0 8.0 8.0 13.0 3.0 5.0 8.0 21.0 3.0 5.0 2.0 1.0 2.0 1.0 1.0 8.0 1.0 21.0 5.0 1.0 8.0 5.0 8.0 3.0 3.0 5.0 13.0 21.0 8.0 3.0 3.0 3.0 21.0 1.0 21.0 5.0 3.0 2.0 5.0 8.0 3.0 2.0 13.0 1.0 21.0 2.0 13.0 8.0 5.0 8.0
5
1.6 41 31 33 45
1.5 23 2
1.3 36 12 56
1.6 2 18 59
1.7 33 34 48 50
14
4 OR 0
8 OR 2
19 AND 8
21 OR 4
23 AND 0 1
28 AND 16 19 8
30 OR 28
35 OR 21 22
41 OR 8 0 28
43 OR 34 39 22
44 OR 13 23 21
46 OR 36 14
51 OR 50 23
54 AND 29 32 1
88.3 92.4 73.3 55.4 95.1 75.3 70.9 59.7 76.0 93.4 96.6 57.1 56.0 99.6 76.2 81.7 84.7 70.6 69.7 93.6 81.2 51.1 51.9 91.9 79.7
