300 250
91 24 13 45 41 38 27 23 96 79 21 85 64 14 13 21 37 39 74 87 13 81 35 93 99 79 63 38 67 85 45 10 30 99 64 53 45 29 37 53 23 21 58 22 55 54 87 43 15 68 78 25 58 20 80 47 90 89 56 83 34 100 18 15 94 39 47 20 39 22 58 45 68 91 56 30 57 55 36 95 44 99 97 92 19 87 91 31 78 41 30 69 58 44 91 98 81 38 97 51 17 39 14 50 61 44 18 37 82 50 37 93 73 60 92 68 28 43 27 41 81 78 43 84 64 84 61 56 38 27 75 73 21 16 24 29 90 30 97 64 86 18 59 58 86 69 77 42 80 11 97 24 97 78 44 92 53 24 47 65 30 68 10 43 74 32 74 23 90 48 91 74 87 35 29 57 30 79 77 10 86 51 72 12 24 56 49 40 17 40 82 20 20 72 18 78 26 26 94 70 80 31 43 77 87 64 37 79 98 35 49 61 95 93 57 66 76 67 25 41 38 18 53 12 85 80 39 85 38 10 19 100 90 17 39 18 14 52 19 75 40 45 95 72 37 79 26 83 83 70 41 70 62 34 22 22 94 65 55 64 62 69 16 96 93 92 22 17 61 53 23 41 34 34 78 67 27 64 33 45 69 41 19 66 80 22 16 93 79 11 21 40 31 62 72 71 37 61 17 31
1.4 2.0 1.3 1.8 1.5 1.4 2.0 2.0 1.6 1.7 1.2 1.3 2.0 1.6 1.5 1.7 1.1 1.6 1.5 1.9 1.2 2.0 1.1 1.2 1.6 1.7 1.2 1.1 1.9 1.2 1.6 1.6 1.4 1.6 1.5 1.9 1.2 1.7 1.2 1.4 1.7 1.3 1.3 1.8 1.1 1.5 2.0 2.0 1.1 1.2 1.3 1.9 1.9 1.9 1.4 1.2 1.8 1.7 1.6 2.0 1.7 1.0 1.8 1.3 1.7 1.9 1.1 1.1 1.1 1.6 1.3 1.6 1.7 1.2 1.6 1.3 1.5 1.9 1.8 1.1 1.4 1.3 1.0 1.8 1.6 1.3 1.7 1.6 1.4 1.0 1.1 1.9 1.9 1.5 1.8 1.6 1.1 1.1 1.3 1.9 1.8 1.9 1.9 1.2 1.2 1.1 1.8 1.9 1.4 1.6 1.2 1.9 1.9 2.0 1.8 1.9 1.0 1.7 1.3 1.9 1.8 1.9 1.8 1.3 1.8 1.1 1.9 1.9 1.2 1.8 1.5 1.3 1.8 1.2 1.0 1.2 1.3 1.9 2.0 1.3 1.6 1.4 2.0 1.5 1.9 1.1 2.0 1.2 2.0 1.3 1.1 1.4 1.7 1.3 1.6 1.5 1.4 1.6 1.3 1.7 1.0 1.9 1.5 1.7 1.7 1.7 1.4 1.1 1.7 1.3 1.3 1.8 1.7 1.3 1.3 1.4 1.4 1.3 1.1 1.4 1.9 1.7 1.9 1.6 1.3 1.5 1.0 1.3 1.4 1.6 1.7 1.5 1.4 1.2 1.5 1.9 1.8 1.2 1.1 1.5 1.6 1.3 1.8 1.8 1.7 1.2 1.2 1.0 1.2 1.5 1.8 1.1 1.4 1.6 1.2 1.7 1.5 1.2 1.7 1.0 1.8 1.8 1.1 1.4 1.2 2.0 1.5 1.1 1.2 1.8 1.5 1.8 1.7 2.0 1.6 2.0 1.9 1.6 1.7 1.5 1.8 1.5 1.9 1.7 1.5 1.3 1.2 1.6 1.8 1.5 1.6 1.3 1.1 1.3 1.3 1.3 1.5 1.1 1.2 1.7 1.7 1.1 1.4 1.5 1.4 1.2 1.4 1.9 1.6 1.7 1.9 1.8 1.4 1.0 1.4 1.8 1.9 2.0 1.4 1.7 1.5 1.6 1.2 1.2 1.4 1.0 1.3 1.7 1.4 1.2 1.5 1.1 1.6 1.0 1.4 1.6 1.0 1.6 1.1 1.5
1.1 1.4 1.2 1.3 1.8 1.4 1.8 1.8 1.3 1.1 1.0 1.5 2.0 1.3 1.7 1.8 1.7 1.8 1.9 1.2 1.0 1.2 1.1 1.7 1.6 1.2 1.7 1.8 1.2 1.6 1.7 1.1 1.8 2.0 1.1 1.0 1.3 1.7 2.0 1.4 1.7 1.1 1.7 1.6 1.1 1.8 1.9 1.6 1.1 2.0 1.8 1.3 1.4 1.4 1.5 1.3 1.8 1.8 1.1 2.0 1.6 1.8 1.7 1.4 1.7 2.0 1.3 1.8 1.5 1.5 1.4 1.7 1.3 1.9 1.8 1.1 1.9 1.2 1.5 1.6 1.4 1.0 1.9 1.2 1.2 1.8 1.3 1.9 1.7 1.3 1.0 1.9 1.1 1.7 1.5 1.8 1.7 1.6 1.5 1.8 1.1 1.2 1.7 1.3 1.6 1.5 1.5 1.4 1.7 1.3 1.7 1.3 1.3 1.1 1.2 1.1 1.5 1.8 1.2 1.2 1.5 1.7 2.0 1.5 1.3 1.1 1.2 1.2 1.2 1.0 1.5 1.3 2.0 1.6 1.7 1.1 1.9 1.5 1.9 1.6 1.5 1.4 1.2 1.1 1.9 1.5 1.8 1.4 1.1 1.6 1.1 1.1 1.6 1.3 2.0 1.1 1.8 1.6 1.8 1.2 1.5 1.5 1.4 1.9 2.0 1.3 1.6 1.6 1.7 1.9 1.2 1.2 1.7 1.2 1.2 1.1 1.0 1.5 1.6 1.3 1.2 1.7 1.7 1.5 1.7 1.9 1.8 1.6 1.7 1.9 1.4 1.5 1.6 1.9 1.8 1.1 1.2 1.3 1.7 1.6 1.3 1.1 1.7 1.7 1.9 1.5 1.5 1.1 1.0 1.4 1.3 1.3 1.1 2.0 1.8 1.6 2.0 2.0 1.7 1.3 1.0 1.8 1.5 1.7 1.9 1.2 1.6 1.6 1.5 1.1 1.3 1.3 1.7 1.9 1.3 1.7 1.3 1.9 1.8 1.6 1.5 1.3 1.3 2.0 1.4 1.5 2.0 1.7 1.5 1.4 1.2 1.4 1.8 1.6 1.8 1.2 1.5 1.9 1.4 1.7 1.1 2.0 1.6 1.2 1.2 1.6 1.6 1.1 2.0 1.9 1.5 1.1 1.8 1.5 1.7 1.5 1.3 1.8 2.0 1.2 1.6 1.4 1.9 1.5 1.9 1.9 1.3 1.8 1.4 1.9 1.5 1.8 1.3 1.3 1.6 2.0 1.5 1.1 1.5 1.3
15.5 15.4 14.6 13.2 11.9 17.0 15.7 12.3 17.8 10.4 17.4 17.1 18.1 13.9 16.6 18.2 19.8 15.0 10.4 15.0 15.9 18.7 18.7 14.4 15.3 14.6 17.2 14.1 16.5 11.5 14.7 19.7 13.4 16.9 16.5 18.5 18.5 18.6 13.8 13.2 17.2 17.6 18.7 10.4 10.7 16.3 19.2 20.0 17.5 14.3 11.0 16.3 18.7 14.4 16.9 19.0 10.5 18.0 12.9 13.7 11.5 15.3 15.7 17.9 11.7 10.8 18.7 16.2 12.4 19.1 11.4 14.6 12.5 12.6 10.1 18.0 19.0 16.8 11.6 14.4 13.5 15.9 16.4 14.2 12.5 18.5 12.0 13.8 14.8 12.4 15.7 15.7 19.9 13.0 19.8 16.6 12.7 15.7 16.9 17.4 10.5 16.1 15.0 19.0 12.9 18.0 16.1 13.5 16.4 16.2 16.8 17.2 16.6 18.4 16.3 19.0 16.5 13.1 14.4 15.8 17.3 10.9 13.0 17.5 11.8 11.3 15.4 19.7 15.3 19.1 18.3 12.6 18.2 14.8 18.1 17.5 13.4 11.2 19.6 11.4 19.7 18.6 17.2 19.8 19.7 18.0 13.7 17.9 10.1 15.4 14.5 16.7 16.7 15.8 18.2 19.4 11.1 12.3 10.3 18.8 15.6 19.2 12.2 10.6 18.2 19.1 13.0 14.1 11.4 19.5 13.0 14.9 11.0 18.9 11.4 14.5 16.7 17.4 19.5 14.2 17.4 11.5 14.1 11.0 14.9 14.1 19.5 10.3 13.7 14.4 19.5 18.6 11.0 16.9 15.4 19.8 13.6 14.0 11.9 11.2 18.5 14.5 16.6 16.4 16.0 10.2 17.9 12.4 11.3 15.6 10.7 17.7 12.1 12.2 18.7 13.3 11.5 19.0 10.0 18.6 11.4 11.3 12.5 11.7 16.6 10.3 10.1 17.9 12.4 13.2 11.7 10.5 17.4 15.3 17.5 14.8 17.8 15.1 11.1 15.0 19.5 10.4 17.8 18.7 15.2 14.6 19.6 10.6 14.8 14.0 16.9 14.9 19.1 10.7 10.8 16.1 10.7 12.8 16.3 15.5 13.3 19.9 15.3 14.5 16.1 11.0 17.0 18.5 16.5 17.7 17.2 12.2 14.5 12.3 13.4 14.5 14.2 11.0 14.3 16.7 13.7 11.5 19.2 10.7 18.3 10.9 11.0 17.4 18.1 15.6 15.9 15.6 13.3 11.2 13.5 16.7 17.5 18.7 17.2 19.7
5
1.9 283 52 264
1.6 42 82 139
1.9 75 223 46 113
1.5 13 212 27
1.5 120 197 41
83
1 OR 0
2 OR 1 0
6 OR 1
9 AND 3 4
10 OR 1 9
16 AND 11
19 OR 2 16
22 AND 1 20
26 OR 23
27 AND 4 1
34 OR 4
36 OR 2
43 AND 18
47 OR 27 25
57 AND 34
58 AND 42 18
63 AND 39 27
66 OR 46 65
69 AND 4 16
83 OR 3
87 OR 57 27
88 AND 25 15
89 OR 56
96 OR 20 91
98 AND 65 28
99 OR 30
100 AND 59 70
102 AND 91 92
106 AND 82 9
112 OR 55
117 OR 44
119 AND 32
121 AND 78 68
125 OR 107 118
127 OR 121
135 OR 123 62
137 AND 15
141 AND 88 102
146 AND 36
147 OR 107 63
152 OR 127
156 OR 129 117
157 AND 12 72
170 OR 18 98
172 OR 32
178 AND 128 10
179 AND 121 132
184 OR 151 86
189 OR 172 28
194 OR 67 167
199 AND 37 174
202 AND 80 107
209 AND 132
214 OR 139 90
218 AND 49 63
219 OR 197 73
226 AND 101 209
228 OR 73
229 OR 167 65
230 AND 143 178
231 AND 62
233 AND 13
237 OR 104
242 OR 165 15
243 OR 136
245 OR 106
246 AND 214
252 OR 237
253 AND 227 240
255 AND 84
257 OR 7
261 AND 218 167
263 AND 244
264 AND 196 120
265 AND 154 5
267 AND 238
273 AND 188 113
274 OR 232
281 OR 41
285 AND 274
288 AND 250
294 AND 157 11
298 OR 32 277
80.0 67.6 78.9 60.6 82.8 61.2 55.4 92.3 68.4 88.1 78.7 90.4 92.3 98.7 90.9 80.7 82.1 51.3 96.5 91.5 63.4 59.0 85.1 65.4 67.0 50.3 93.5 78.3 70.0 57.1 81.7 51.5 87.3 60.8 71.0 67.0 68.5 86.1 88.8 78.4 54.2 52.6 57.9 80.9 83.7 63.6 83.1 74.3 72.1 63.7 87.7 55.7 71.5 64.2 83.9 74.3 83.4 52.3 69.8 80.0 50.4 65.1 60.6 56.9 62.8 66.4 50.4 87.4 58.8 69.0 85.2 75.0 91.7 90.3 53.6 93.1 52.1 50.9 96.1 93.1 78.8 78.7 85.5 70.9 55.8 51.0 66.2 90.1 80.9 91.6 96.0 54.4 92.2 62.2 79.4 76.2 69.8 65.5 67.0 66.7 58.4 75.5 55.7 75.5 95.3 67.5 86.4 90.9 90.8 61.8 57.3 59.9 80.1 88.0 82.8 58.9 88.6 74.7 87.7 88.0 72.4 96.2 78.2 81.8 81.2 93.2 81.4 57.5 53.4 72.1 65.1 63.7 52.8 75.4 65.5 72.6 52.8 91.6 53.8 93.2 92.8 80.8 75.4 73.1 77.7 89.6 94.8 72.5 90.5 82.6 66.1 73.8 57.5 53.1 55.2 95.0 67.2 85.7 75.2 58.6 62.4 71.9 72.0 76.1 57.9 68.6 64.1 70.4 66.9 79.9 89.5 82.4 53.3 54.7 83.9 64.2 86.2 82.8 95.3 93.7 66.7 79.1 57.1 67.5 98.4 84.9 69.6 79.8 96.9 65.5 68.8 89.6 90.7 83.5 91.4 86.9 84.3 76.3 82.3 71.2 68.1 68.1 59.0 60.7 97.4 74.3 61.3 56.9 53.9 92.2 55.1 88.5 91.8 94.2 51.9 66.8 88.3 56.6 68.8 58.1 91.6 88.6 90.5 58.3 71.9 70.5 83.8 61.9 72.2 64.2 87.4 72.4 76.7 65.5 90.4 73.5 91.8 68.4 97.4 99.2 73.1 64.1 69.1 76.4 98.3 90.8 90.1 56.9 62.5 82.1
