300 250
19 61 15 85 85 39 91 76 29 84 78 14 13 18 50 90 16 13 27 80 47 77 52 21 60 100 71 56 29 70 69 19 68 99 79 89 24 65 38 53 74 66 45 29 23 86 55 18 87 52 68 61 33 59 48 55 36 24 84 41 88 100 96 50 18 46 24 57 81 33 56 77 94 82 91 84 31 79 34 18 60 22 53 32 83 10 96 33 48 61 83 94 12 76 93 14 35 40 56 20 19 60 66 93 32 27 58 79 45 94 70 58 100 29 59 94 49 58 26 58 15 23 16 35 25 58 50 45 93 88 75 50 17 61 41 44 59 73 49 47 81 15 40 10 88 52 94 60 44 17 87 77 72 17 100 52 47 91 65 80 11 19 28 93 87 86 36 12 57 47 31 96 10 12 94 80 90 60 21 87 39 79 25 87 57 93 11 62 93 28 37 17 53 88 29 100 73 42 59 90 30 46 25 33 52 39 48 47 52 55 85 86 92 96 20 72 88 70 79 44 85 40 89 63 71 93 64 77 65 33 100 82 21 40 65 29 26 97 18 64 15 51 86 95 18 34 89 51 23 76 15 26 83 36 45 57 72 46 89 65 69 28 38 52 48 63 50 53 54 36 31 54 93 10 41 97 70 90 16 29 53 21 27 46 21 81 67 40 12 29 38 30 32 36 56 25 10 40 52 70
1.3 1.7 1.6 1.5 1.3 1.6 1.4 1.9 1.1 1.3 1.4 1.2 1.4 1.1 1.9 1.7 1.2 1.8 1.7 1.3 1.4 2.0 1.8 1.9 1.1 1.7 1.3 1.4 1.0 1.7 1.8 1.2 1.5 1.9 1.4 1.9 1.8 1.5 1.4 1.5 2.0 1.3 1.0 1.3 1.1 2.0 1.3 2.0 1.8 1.9 1.2 1.3 1.6 1.4 1.2 1.7 1.3 1.3 1.6 1.8 1.7 1.7 1.4 1.2 1.6 1.9 1.5 2.0 1.8 1.2 1.7 1.6 1.3 1.3 1.7 1.3 1.7 1.4 1.6 1.2 1.3 1.2 1.4 1.8 1.6 1.5 2.0 1.4 1.5 1.9 1.7 1.1 1.6 1.7 1.5 2.0 1.4 1.4 2.0 1.1 1.3 1.5 1.6 1.4 1.8 1.1 1.4 1.5 1.1 1.9 1.2 1.7 1.4 1.6 1.4 1.8 1.2 1.5 1.8 1.8 1.9 1.2 1.6 1.2 2.0 1.9 1.8 1.2 2.0 1.6 1.5 1.7 1.4 1.2 1.4 1.2 1.7 1.9 1.3 1.8 1.1 1.3 2.0 1.8 1.8 1.8 1.8 2.0 1.5 1.9 1.8 1.8 1.5 1.3 1.7 1.3 1.3 1.2 1.1 1.8 1.9 1.8 1.8 1.5 1.0 1.8 2.0 1.5 1.3 1.6 1.5 1.2 1.0 1.4 1.4 1.1 1.4 1.3 1.1 1.9 1.8 1.7 1.4 1.7 1.3 1.7 1.9 1.3 1.1 1.8 1.5 1.1 1.5 1.5 1.2 1.4 1.9 1.5 1.4 1.0 1.8 1.7 1.9 1.3 2.0 1.8 1.9 1.3 1.1 1.6 1.2 1.6 1.0 1.4 1.1 1.9 1.4 1.5 1.5 1.2 1.8 1.7 1.1 1.6 1.3 1.4 1.9 1.2 1.1 1.5 1.0 2.0 1.1 1.1 2.0 1.4 1.5 1.4 1.1 1.7 1.4 1.0 1.1 1.4 1.8 1.9 1.3 1.0 1.2 1.5 1.2 1.5 1.2 1.6 1.8 1.2 1.7 1.6 1.4 1.9 1.9 1.2 1.9 1.3 1.7 1.8 1.1 1.8 1.8 1.1 1.1 1.3 1.1 1.5 1.3 1.7 1.3 1.1 1.8 1.7 1.2 1.6 1.4 1.7 1.1 1.9 1.2 1.3 1.4 1.3 1.0 1.7 1.3 1.7 1.9 1.3 1.7 1.2 1.1 1.3
1.7 1.4 1.3 1.6 1.8 1.9 1.7 1.5 1.2 1.5 1.5 1.3 1.6 1.8 2.0 1.6 1.2 1.5 1.9 1.5 1.7 2.0 1.6 1.4 1.1 1.1 1.5 1.6 1.3 1.9 1.9 1.5 1.9 1.6 1.2 1.8 1.2 1.4 1.2 1.3 1.6 1.4 1.3 1.7 1.9 2.0 1.0 1.5 1.3 1.8 1.2 1.5 1.2 1.9 1.4 2.0 1.3 1.3 1.4 2.0 1.9 1.2 1.7 1.1 1.2 2.0 1.5 1.1 1.8 2.0 1.5 1.2 1.4 1.4 1.3 1.6 2.0 1.6 1.3 1.1 1.9 1.4 1.2 1.2 1.4 1.1 1.1 1.1 1.4 1.1 1.2 1.8 1.4 1.8 1.3 1.5 1.9 1.7 1.1 1.1 1.6 1.2 1.2 1.9 1.1 1.0 1.8 1.6 1.5 1.6 1.1 1.0 1.9 1.1 1.5 1.3 1.7 1.1 1.0 2.0 1.6 1.3 1.0 1.7 1.5 1.7 1.2 1.3 1.6 1.4 1.5 1.7 1.9 2.0 1.9 1.9 2.0 1.0 1.4 1.1 1.5 1.4 1.4 1.9 1.9 1.4 1.4 1.4 1.6 1.5 1.8 1.6 1.3 1.0 1.1 1.8 1.3 1.5 1.6 1.9 1.1 1.1 1.4 1.2 1.2 1.7 1.2 1.9 1.9 1.3 1.4 1.7 1.3 1.2 1.5 1.5 1.6 1.0 1.5 1.4 1.7 1.1 1.2 1.5 1.3 1.2 1.4 1.7 1.1 1.1 1.4 1.4 1.1 1.9 1.5 1.3 2.0 1.9 1.3 1.6 1.5 1.8 1.9 1.9 1.6 1.9 1.8 1.6 1.5 1.4 1.8 1.6 1.2 1.9 1.4 1.5 1.2 1.5 1.9 1.1 1.2 1.4 1.6 1.4 1.4 1.8 1.4 1.5 1.4 1.7 1.6 1.0 1.6 2.0 1.3 1.2 1.0 1.2 1.1 1.7 1.6 1.2 1.1 1.3 1.4 1.9 1.8 1.7 1.3 1.6 1.9 1.3 1.7 1.6 1.7 1.5 1.8 2.0 1.2 1.0 1.1 1.7 1.0 1.5 1.2 1.9 1.2 1.5 1.5 1.4 1.2 1.8 1.7 1.3 1.7 1.7 1.7 1.3 1.6 1.2 1.3 1.5 1.1 1.5 1.6 1.7 1.1 1.2 1.4 1.0 1.3 1.1 2.0 1.4 1.2 1.8 1.4 1.6 1.1 1.5
15.5 12.7 14.2 11.3 19.9 14.9 15.0 14.0 14.9 13.0 17.0 12.9 18.7 11.6 11.4 18.3 14.9 13.4 10.1 15.0 11.7 12.2 18.5 15.5 10.6 18.1 17.5 19.2 18.5 12.1 18.8 13.2 10.7 11.3 17.9 11.8 18.8 10.9 14.8 15.1 18.4 17.6 15.3 18.2 10.8 12.6 19.4 15.7 12.4 19.1 11.7 13.5 15.5 18.5 18.0 11.5 14.5 16.8 13.4 17.9 17.3 17.2 18.6 11.8 11.6 15.3 16.3 14.1 19.7 11.6 12.5 15.7 15.8 13.9 18.9 17.2 16.4 12.3 18.8 10.8 18.0 10.4 10.9 19.3 14.2 16.8 16.6 13.1 19.5 13.6 14.1 15.3 10.1 12.3 12.6 14.3 10.4 12.2 14.3 13.6 12.6 11.9 16.8 19.8 13.5 12.0 19.8 16.8 16.1 10.6 12.0 18.5 10.4 17.0 13.8 15.3 13.0 17.8 19.6 18.2 17.2 18.2 15.1 16.9 18.0 13.8 17.8 15.0 17.3 11.9 17.4 11.6 12.1 11.2 16.4 18.0 16.7 13.2 11.3 13.6 17.6 18.7 10.9 11.9 15.3 19.5 12.9 15.5 15.4 19.0 16.2 17.9 10.2 16.2 15.2 19.1 15.6 12.5 18.7 13.8 16.8 13.2 12.3 11.7 15.3 14.3 19.6 19.6 10.2 11.9 20.0 10.1 12.3 14.0 18.7 18.5 17.1 12.5 12.3 12.9 13.3 12.3 10.8 14.4 19.2 17.0 10.9 17.8 13.8 16.0 14.8 10.7 19.6 16.7 13.8 15.8 14.5 19.4 10.5 15.7 18.7 11.2 14.4 11.8 13.9 10.4 15.6 12.3 16.7 15.8 15.8 15.0 10.2 17.7 11.0 11.3 16.8 15.3 19.3 18.2 14.9 15.3 10.1 14.9 10.1 11.3 18.7 16.6 14.1 19.1 12.5 19.7 13.5 11.2 15.4 13.7 19.7 14.5 15.8 17.5 17.9 19.5 16.8 10.2 13.6 19.5 18.6 15.3 17.8 16.2 10.8 12.4 12.1 18.8 11.4 15.3 16.8 10.6 14.2 17.0 10.4 12.8 19.8 16.8 18.9 11.8 13.5 16.4 15.8 10.2 17.8 10.2 19.9 19.1 13.8 12.3 14.6 16.0 17.4 11.4 13.8 19.5 12.4 19.5 19.3 18.9 11.4 14.3 10.2 11.2 19.0 11.8 18.5 18.7 12.2 14.4 10.9 17.7 10.7 11.4
5
1.4 159 268
1.9 97 79
1.6 118 120 113 232
1.9 83 207
1.3 31 118 238
92
1 AND 0
3 AND 0
9 AND 1
11 OR 1
16 OR 12 15
19 AND 12
20 OR 8 17
22 AND 8 21
24 AND 9 21
28 OR 17 4
30 AND 22 10
33 AND 9
35 OR 4
44 AND 17 1
46 OR 35
48 AND 28
50 AND 29
61 OR 33
63 OR 15 29
67 OR 38
68 AND 50
72 AND 54 53
73 AND 30 1
75 AND 14
78 OR 40 65
85 AND 3 52
88 OR 38
89 OR 9 43
92 AND 19 90
93 AND 50 46
95 OR 78
96 AND 5 80
97 OR 92 11
98 AND 42
99 AND 80
102 OR 79
105 AND 9
107 AND 26
108 AND 13 61
113 OR 72
115 AND 106
118 AND 82
123 OR 7 72
128 OR 123 102
131 OR 124 22
133 OR 37
134 AND 96
139 AND 123 7
142 AND 33
143 AND 55 40
144 OR 59 44
145 AND 12
151 AND 94
155 AND 48
158 OR 136
160 AND 17 146
168 AND 10
171 OR 103
175 AND 30 67
184 OR 4 135
189 OR 169
190 AND 4 145
192 OR 87 138
193 OR 77
194 OR 16 169
198 OR 181 37
201 AND 150 140
204 AND 118 47
207 AND 190 138
221 AND 200 204
223 OR 17 162
226 AND 22 187
228 AND 23
238 OR 125 61
240 OR 39
256 AND 114 70
257 OR 117
258 AND 190
259 AND 34 13
260 OR 58
261 AND 164 107
263 OR 62
267 AND 76
269 OR 127
272 AND 269
277 AND 193 203
284 OR 129 262
286 AND 179
288 OR 280 22
290 OR 128 108
298 AND 72 142
299 OR 36 184
73.5 88.9 88.6 63.6 94.7 89.5 84.1 50.1 82.6 77.6 51.1 84.5 69.8 66.1 60.8 58.2 98.6 96.9 67.9 76.2 94.9 64.5 74.5 58.5 79.2 65.7 91.4 55.4 97.7 84.0 50.9 51.2 53.4 68.8 67.6 91.0 73.5 50.7 98.3 80.3 50.7 97.8 70.5 74.4 61.6 50.1 54.8 52.7 95.3 58.2 51.0 62.8 62.6 96.7 88.0 62.4 93.1 63.1 52.6 96.5 76.3 94.1 73.8 84.8 70.8 51.0 84.5 87.4 60.0 67.1 98.8 92.7 51.3 88.9 99.9 62.2 87.2 72.7 86.5 94.3 77.3 57.4 69.9 62.9 71.9 90.4 96.1 66.1 90.0 80.5 93.3 97.5 54.4 97.2 76.2 70.0 77.8 61.5 91.5 56.5 88.9 93.5 92.5 97.3 88.1 53.0 96.1 88.0 53.6 79.0 66.7 79.6 86.7 53.0 97.6 57.5 94.0 96.5 88.4 95.2 59.6 52.8 80.2 69.3 56.2 81.5 81.1 98.2 74.1 59.0 89.3 80.0 51.4 79.7 51.2 96.4 94.9 88.6 90.4 63.4 58.1 57.3 51.2 89.3 63.0 86.6 84.3 53.8 83.4 61.6 77.9 86.9 63.2 64.4 83.3 89.6 89.5 61.2 74.9 56.1 76.9 78.4 66.7 85.1 63.8 67.4 68.4 79.7 90.1 96.1 64.2 57.9 89.2 74.0 53.4 83.5 66.4 60.3 81.4 97.4 91.6 99.0 59.6 90.5 80.4 94.9 93.6 99.5 93.8 89.4 86.4 57.8 89.7 76.2 57.6 97.4 83.4 96.3 76.1 54.5 52.6 94.8 87.0 50.9 89.0 89.4 85.7 61.7 66.8 66.3 52.4 71.6 76.2 86.1 85.1 89.9 52.9 79.2 79.1 84.2 97.5 60.0 51.3 71.1 50.4 75.7 91.4 85.8 97.5 55.9 88.2 69.9 83.9 62.3 62.3 56.9 75.4 82.8 77.4 73.3 68.4 50.6 99.7 79.3 71.2 85.0 74.3 78.0 57.0 96.7
