60 40
19 61 15 85 85 39 91 76 29 84 78 14 13 18 50 90 16 13 27 80 47 77 52 21 60 100 71 56 29 70 69 19 68 99 79 89 24 65 38 53 74 66 45 29 23 86 55 18 87 52 68 61 33 59 48 55 36 24 84 41
2.0 1.7 1.7 1.3 1.8 1.8 1.4 1.2 1.5 1.7 1.6 1.8 1.7 1.2 1.4 1.7 1.3 1.6 1.7 1.9 1.9 1.4 1.7 2.0 1.5 1.7 1.2 1.2 1.9 1.1 1.4 1.2 1.8 1.5 1.9 1.3 1.7 1.4 2.0 1.8 1.7 1.4 1.4 1.1 1.2 1.1 1.8 1.3 1.6 1.8 1.5 1.3 1.4 1.3 1.5 1.3 1.0 1.0 1.6 1.9
2.0 1.9 1.4 1.7 1.6 1.7 1.5 1.9 1.7 1.3 1.6 1.5 1.9 1.0 1.8 1.1 1.8 1.6 1.2 1.4 1.3 1.7 1.0 1.6 1.6 1.4 1.6 1.8 1.1 1.4 1.7 1.4 1.1 1.1 1.6 1.7 2.0 1.4 1.2 1.9 1.2 1.2 1.8 1.3 1.4 1.7 1.6 1.7 1.1 1.6 1.5 1.6 1.6 1.4 1.8 1.4 2.0 1.4 1.9 1.6
11.3 13.6 12.3 21.8 11.0 16.4 14.8 19.0 20.0 12.8 14.9 22.9 10.6 21.7 13.1 15.5 14.2 16.5 24.6 23.3 13.3 14.5 14.7 15.3 12.5 24.7 19.8 24.2 20.3 24.9 22.2 19.5 12.3 24.4 11.3 14.2 18.4 13.5 12.3 21.4 13.3 12.6 13.1 23.1 24.3 15.4 10.0 14.9 13.8 21.1 18.7 17.6 14.3 18.8 15.5 22.9 11.6 14.9 15.5 13.6
5
1.7 2 23 27 12
1.5 20 43
1.5 8 54 40 42
1.6 25 11 36
1.7 32 59 10 52
12
3 AND 2 0
7 AND 1 2
12 OR 10 2 3
19 AND 18 15
27 OR 25 13 15
30 AND 15 24 27
32 OR 13 25
34 AND 32
38 AND 21 20 6
41 OR 9
51 OR 8
56 AND 50
71.1 55.4 97.2 84.3 60.8 87.7 83.4 64.8 69.5 99.7 89.3 94.7 53.2 87.5 66.9 69.2 51.9 84.8 88.6 59.4 75.6 96.9 69.6 94.1 91.5 75.5 70.8 74.1 99.0 62.5 52.0 63.2 55.2 97.9 66.1 98.0 89.9 92.8 58.9 65.1
