60 25
14 46 99 28 69 57 95 99 22 68 86 73 87 12 75 65 83 57 89 80 65 60 32 17 23 25 58 29 22 30 75 73 26 59 86 74 44 83 33 58 18 16 84 17 33 17 31 47 45 19 76 89 23 84 93 93 96 17 22 89
1.5 1.6 1.7 1.3 1.7 1.4 1.1 1.1 1.3 1.9 1.3 1.7 1.7 1.1 2.0 1.7 1.3 1.9 1.7 1.4 1.4 1.5 1.4 1.8 1.4 1.6 1.9 1.7 1.6 1.3 1.7 1.4 1.6 1.1 1.1 1.8 1.8 1.1 1.0 1.8 1.8 1.8 1.1 1.5 1.3 1.8 1.5 1.3 2.0 1.1 1.0 1.7 1.8 1.7 1.2 1.9 1.4 1.6 1.4 1.8
1.4 1.1 1.5 1.8 1.2 1.7 1.1 1.2 1.3 1.3 1.8 2.0 1.8 1.4 1.1 1.5 1.1 1.0 1.9 1.8 1.9 1.5 1.5 1.1 1.3 1.2 1.4 1.4 1.2 1.1 1.2 1.6 1.4 1.4 1.1 1.2 1.1 1.3 1.5 1.5 1.2 1.2 1.2 1.1 1.5 1.9 1.8 1.8 1.5 1.3 1.3 1.0 1.2 2.0 1.2 1.6 1.4 1.7 2.0 1.3
21.0 13.0 8.0 5.0 21.0 8.0 8.0 5.0 13.0 5.0 8.0 21.0 8.0 1.0 2.0 8.0 13.0 13.0 13.0 21.0 2.0 8.0 13.0 1.0 13.0 1.0 21.0 13.0 13.0 1.0 21.0 13.0 2.0 2.0 2.0 8.0 21.0 13.0 21.0 8.0 1.0 3.0 2.0 5.0 5.0 5.0 3.0 1.0 3.0 5.0 5.0 13.0 3.0 5.0 2.0 1.0 21.0 3.0 3.0 3.0
5
1.3 11 16 53 56
1.9 32 23 8 6
1.3 32 48 16
1.5 44 33 25 3
1.6 40 29 35
21
2 AND 1 0
4 AND 0 2 1
7 OR 0 6
9 OR 5 3 2
11 OR 1 3 10
13 AND 0 1
14 OR 13 8 10
17 OR 5 16
26 OR 20 15
31 AND 2
33 AND 16 32 25
35 AND 23 6
36 AND 4 7 27
37 OR 6 35 27
42 AND 34 1
44 AND 3
45 AND 19 1 22
46 OR 25 19 17
47 OR 13
54 AND 28
56 AND 46 17 16
68.2 89.2 84.9 72.4 65.5 89.8 61.8 73.2 68.7 99.7 62.0 79.7 76.4 52.4 59.1 94.3 89.4 60.7 58.9 96.9 79.4 85.8 95.4 63.0 75.0
