60 25
62 76 79 99 24 32 58 38 47 13 38 24 82 11 22 30 75 98 48 98 91 58 85 61 98 95 51 55 19 53 46 89 30 24 75 18 85 22 44 50 23 90 47 14 54 59 22 71 70 34 34 26 43 41 16 15 96 97 65 100
1.0 1.7 1.7 1.7 1.3 1.8 1.6 1.6 1.5 1.2 1.5 1.8 1.7 1.3 1.8 1.8 1.0 1.2 1.2 1.0 1.8 1.6 1.5 2.0 1.4 1.2 1.1 1.3 1.8 1.6 1.1 1.4 1.0 1.6 1.1 1.2 1.6 1.8 1.6 1.3 1.6 1.3 1.0 1.3 1.7 1.6 1.2 1.8 1.8 1.3 2.0 1.3 1.1 1.5 1.9 1.6 1.5 1.5 1.3 1.3
1.4 1.5 1.9 1.1 1.3 1.9 1.7 1.1 1.4 1.7 1.9 1.1 1.9 1.8 1.3 1.5 1.8 1.2 1.7 1.6 1.1 1.3 1.4 1.1 1.9 1.3 1.2 1.6 1.5 1.3 1.3 1.5 1.9 1.1 1.9 1.9 1.7 1.8 1.4 2.0 1.7 1.7 1.4 1.2 1.7 1.7 1.0 1.3 1.5 1.2 1.1 1.2 1.0 1.1 1.4 1.5 1.6 1.3 1.1 1.9
13.0 2.0 13.0 8.0 13.0 1.0 3.0 8.0 8.0 3.0 13.0 8.0 21.0 3.0 1.0 1.0 21.0 2.0 1.0 2.0 1.0 2.0 1.0 2.0 8.0 1.0 21.0 21.0 2.0 5.0 13.0 3.0 5.0 21.0 3.0 2.0 8.0 3.0 2.0 3.0 3.0 21.0 5.0 21.0 21.0 2.0 13.0 2.0 5.0 2.0 3.0 5.0 5.0 5.0 3.0 21.0 3.0 13.0 8.0 5.0
5
1.7 28 31 0
1.7 18 10
2.0 21 53 42 0
1.7 3 51
1.4 44 4
16
1 AND 0
2 AND 1
4 AND 2 3 1
10 OR 0 8
11 AND 3 9 8
20 AND 4 6 3
21 AND 17
29 AND 7 6
34 OR 29 16
35 OR 30
41 AND 33 13 29
42 AND 31
45 AND 17
52 OR 12 31 19
53 OR 19 40
58 AND 49
74.8 68.9 72.9 90.1 63.9 59.7 91.8 74.0 82.1 58.7 52.1 61.3 71.5 51.7 63.6 97.2 71.9 50.2 90.1 65.1 58.6 81.9 83.2 66.2 85.5
