300 250
44 63 72 42 20 48 53 12 19 71 11 24 46 25 49 93 14 89 18 27 44 29 37 64 19 88 62 28 99 17 14 32 51 42 55 50 22 62 21 12 52 50 59 99 77 94 78 90 89 99 92 42 85 94 17 73 57 36 54 29 90 12 41 73 89 64 47 36 63 59 58 28 84 68 80 21 81 59 17 75 88 13 89 79 94 90 76 46 50 48 31 33 11 89 45 16 61 23 10 89 83 56 89 45 68 66 35 52 44 41 92 90 76 94 38 73 13 29 12 86 43 71 22 32 88 37 18 21 18 98 26 60 87 30 20 95 99 94 100 67 59 93 45 58 61 58 30 100 77 13 19 51 85 92 98 63 39 51 56 66 83 37 60 76 78 100 10 97 62 85 14 91 69 93 85 95 17 39 83 39 38 17 16 20 89 57 82 93 46 50 67 77 98 58 85 16 61 94 69 58 82 15 59 41 58 17 20 56 99 44 20 80 28 59 51 38 11 62 51 27 95 18 85 88 62 87 84 22 94 78 95 27 90 41 20 11 26 93 49 45 92 95 80 90 28 89 82 53 61 83 43 58 38 12 36 25 22 78 15 72 16 88 62 80 53 52 66 90 74 43 44 44 11 63 56 26 71 78 46 40 22 31 94 87 68 77 69 23 20 83 74 63 54 34 76 53 28 62 25 76
1.5 1.2 1.7 1.2 1.2 1.3 1.6 1.4 1.1 1.2 1.9 1.6 1.5 1.4 1.1 1.0 1.7 1.6 1.2 1.2 1.3 1.3 1.5 2.0 1.5 1.5 1.8 1.2 1.6 1.3 1.1 1.8 1.8 1.8 1.4 1.7 1.9 1.3 1.8 1.2 1.9 1.4 1.8 1.1 1.6 1.7 1.4 1.5 1.8 1.7 1.4 1.5 1.3 1.3 1.1 1.3 1.8 1.9 1.9 1.2 1.9 1.9 1.9 1.1 1.7 1.4 1.8 1.6 1.2 2.0 2.0 1.5 1.3 1.5 1.7 1.3 1.9 1.4 2.0 1.5 1.1 1.6 1.9 1.8 1.3 1.7 1.4 1.3 1.7 1.9 1.8 1.1 2.0 1.1 1.0 1.4 1.8 1.7 1.5 1.5 1.8 1.9 1.1 1.6 1.8 1.8 1.3 2.0 1.3 1.2 1.6 1.6 1.5 1.9 1.7 2.0 1.3 1.3 1.8 1.4 1.0 1.7 2.0 1.2 1.5 1.0 1.2 1.7 1.9 1.9 1.9 1.3 1.1 1.2 1.2 1.7 1.5 1.7 1.3 1.7 1.2 1.9 1.7 1.6 1.5 1.9 1.2 1.3 1.9 1.5 1.9 1.4 1.5 1.4 1.2 1.8 1.3 1.9 1.9 1.5 1.5 1.1 1.5 1.3 1.7 2.0 1.5 1.5 1.5 1.7 1.2 1.3 1.8 1.3 1.2 1.9 1.7 1.0 1.2 1.1 1.5 1.9 1.7 1.6 1.3 1.6 1.4 1.8 1.4 1.2 1.8 1.6 1.7 1.3 1.8 1.1 1.9 1.9 1.8 1.2 1.1 1.3 1.0 1.5 1.5 1.1 1.6 1.5 1.7 1.3 1.8 1.6 1.8 1.0 1.8 1.7 1.2 1.2 2.0 1.3 1.7 1.4 1.7 1.1 1.6 1.6 1.7 1.4 1.9 1.6 1.9 1.8 1.8 1.4 1.8 1.6 1.3 1.5 1.6 1.9 1.6 1.8 1.0 1.5 1.7 1.9 1.2 1.5 1.5 1.2 1.9 1.8 1.3 1.9 1.8 1.0 1.5 1.9 1.5 1.4 1.0 1.1 1.2 1.3 1.9 1.6 1.3 1.6 1.2 1.0 1.8 1.5 1.9 1.9 1.9 1.2 1.0 1.7 2.0 1.7 1.6 1.4 1.7 1.2 1.2 1.6 1.4 1.7 1.9 1.1 1.2 1.4 1.5 1.2 1.8 1.5 1.5 1.2 1.2 1.9
1.9 1.1 1.2 1.9 1.3 1.5 1.4 1.8 2.0 1.3 1.5 1.1 1.5 1.8 1.8 1.7 1.1 1.7 1.4 1.3 1.7 1.3 1.1 1.7 1.1 1.4 1.4 1.8 1.0 1.8 1.1 1.2 1.9 1.0 1.9 1.5 1.5 1.1 1.6 1.2 1.0 1.3 1.0 2.0 1.4 1.2 1.9 1.5 1.4 1.6 2.0 1.2 1.5 1.9 1.6 1.8 2.0 1.1 1.6 1.0 1.8 1.2 1.4 1.1 1.6 1.8 1.8 1.9 1.5 1.2 1.2 1.7 1.6 1.5 1.2 1.6 1.7 1.2 1.6 1.6 1.8 1.2 1.4 1.1 1.6 1.9 1.7 1.6 1.2 1.3 1.8 2.0 1.2 1.1 1.5 1.0 1.8 1.2 1.2 1.2 1.2 1.9 1.5 1.4 1.1 1.2 1.1 1.2 1.3 1.2 1.4 1.3 1.3 1.0 1.7 1.2 1.9 1.6 1.3 2.0 1.5 1.7 1.8 1.5 1.5 1.4 1.2 1.7 1.5 1.5 1.3 1.0 1.4 1.2 1.7 1.8 1.4 1.8 1.0 1.8 1.4 1.4 1.5 1.5 1.9 1.4 1.9 1.3 1.0 1.8 1.1 1.2 1.5 2.0 1.0 1.1 1.4 1.2 1.3 1.2 1.1 1.8 1.5 1.1 1.5 1.9 1.5 1.9 1.5 1.9 1.3 1.8 1.8 1.3 1.6 1.5 1.9 1.7 1.4 1.6 1.4 1.6 1.2 1.3 1.9 1.1 1.9 1.6 1.7 1.2 2.0 1.8 1.9 1.5 1.5 2.0 1.6 1.2 1.3 1.8 1.7 1.6 1.3 1.8 1.2 1.9 1.6 1.7 1.8 1.2 1.2 1.8 2.0 1.5 1.8 1.6 1.2 1.8 2.0 1.2 1.0 1.2 1.4 1.2 1.7 1.1 2.0 1.6 1.3 1.5 1.5 2.0 1.1 1.3 1.4 1.3 1.0 1.7 1.2 1.8 1.4 2.0 1.1 1.8 1.6 1.2 1.3 1.9 1.1 1.5 1.7 1.8 1.6 1.3 1.1 1.5 2.0 1.4 1.1 1.8 1.8 1.4 1.7 1.2 1.0 1.0 1.8 1.7 1.3 1.9 1.6 1.3 1.0 1.9 1.5 1.6 1.0 1.5 1.4 1.2 1.5 1.1 1.9 1.5 1.5 1.3 1.2 1.2 1.2 1.7 1.2 1.7 1.8 1.5 1.1 1.6 1.8 1.6 1.2 1.8
11.7 16.7 15.1 13.4 11.7 14.8 12.7 12.1 19.5 17.0 10.6 11.9 10.7 10.2 10.6 14.7 10.6 12.1 10.8 11.9 13.6 19.4 16.3 15.7 18.0 13.0 16.0 15.0 12.3 13.9 19.8 14.0 17.6 15.8 19.6 10.7 19.3 11.3 18.2 17.1 11.3 14.9 17.7 19.1 14.4 19.4 14.0 16.1 13.4 12.4 12.1 12.6 19.2 19.9 16.6 10.9 19.7 18.4 18.4 12.9 10.2 19.6 15.4 13.9 16.3 15.8 17.7 14.8 16.2 16.0 17.0 13.5 18.1 16.6 17.1 15.7 14.2 12.9 16.9 10.3 12.7 11.1 16.4 18.8 12.2 16.9 13.6 15.8 10.3 14.9 12.7 15.8 13.0 19.8 10.4 17.7 16.6 10.2 15.4 12.3 17.8 15.0 11.6 11.8 12.7 13.5 18.9 18.7 11.7 19.5 14.8 13.8 19.4 14.8 10.7 14.2 11.1 16.8 19.7 17.7 19.0 10.2 13.9 10.1 15.9 10.8 15.2 16.6 18.1 16.6 15.0 18.0 12.2 19.6 11.9 14.0 11.3 13.5 15.9 13.3 12.9 12.3 18.7 16.1 18.5 12.4 13.3 13.0 19.1 15.7 15.9 17.8 16.0 14.2 11.4 10.3 12.7 11.9 11.7 10.3 17.8 14.0 10.6 15.5 12.5 17.5 19.5 19.0 18.3 13.5 11.5 12.1 17.0 10.2 13.3 11.0 13.9 18.0 19.7 10.2 16.2 10.4 19.5 17.4 11.3 13.8 19.0 18.7 15.5 12.7 16.5 14.6 12.5 13.9 15.3 18.1 19.1 13.5 17.4 15.3 14.1 14.6 12.2 18.5 17.3 10.9 12.0 16.4 15.4 17.6 19.8 14.0 17.4 10.2 15.5 13.6 10.1 15.0 12.4 17.7 14.8 10.5 16.4 19.3 13.3 11.1 18.7 19.7 19.3 11.3 18.7 19.6 11.9 16.0 15.6 13.7 15.1 10.5 11.5 14.3 17.7 18.2 15.8 18.7 18.6 17.5 19.1 10.3 13.4 10.5 11.5 15.2 16.3 18.9 18.0 13.7 18.4 11.7 18.4 11.6 15.1 14.8 17.9 10.8 11.9 14.4 15.3 15.9 19.9 10.8 19.1 12.7 12.6 18.0 13.9 17.4 11.3 15.1 19.7 12.3 12.6 13.6 10.2 13.9 15.1 19.3 10.6 15.3 18.2 18.5 17.0 15.8 10.9 11.4 11.7 17.5 12.9 14.2 19.2 18.3
5
1.6 263 0 111 56
1.8 123 112 55
1.9 54 262
1.6 81 169 231 291
1.8 35 126 224 131
100
1 AND 0
9 AND 3
12 AND 9 10
14 AND 5 4
16 AND 13 5
18 AND 11
23 AND 17
25 OR 17
27 AND 19 21
32 AND 23 14
34 OR 14 20
41 AND 17
44 OR 17 40
47 AND 34
51 OR 26 22
56 AND 35 3
62 OR 41 61
65 OR 32
66 AND 60
70 OR 16 68
71 OR 42
74 OR 19 69
75 AND 26
76 OR 40 59
77 OR 29 13
81 AND 53 25
85 OR 21 40
86 AND 45 4
87 AND 2
89 AND 62
93 AND 19
96 OR 17 4
99 OR 75
105 OR 44 38
107 OR 79 61
108 AND 24
110 AND 38 14
115 OR 38 79
116 AND 110
119 OR 5 65
120 OR 24 48
122 AND 97
124 OR 0
130 AND 84 122
131 OR 44 52
134 AND 41 62
136 AND 116
137 AND 102
139 OR 50
142 AND 40 124
147 OR 60 34
148 AND 83
154 AND 55 72
155 AND 95
156 AND 89
157 OR 3 114
164 OR 42 152
165 AND 127 55
166 AND 42
168 OR 4
169 OR 58 140
170 AND 108 118
174 AND 53 90
177 AND 104
178 OR 5
181 OR 70
187 AND 10
188 OR 30
189 OR 112 6
190 AND 109 188
194 AND 16
196 OR 117 34
198 AND 86
202 AND 152 176
204 AND 132 129
205 AND 113
209 AND 131 22
218 OR 128 65
223 OR 213 102
228 AND 83 76
229 OR 158
233 AND 7 190
240 OR 63 39
242 AND 44
243 AND 16 109
245 AND 133
246 AND 76
247 OR 85 166
253 AND 84 151
260 OR 63
264 OR 186 140
267 AND 130
269 AND 28
274 OR 209
279 OR 223
288 AND 285 76
291 AND 143 204
294 AND 244 93
296 AND 210 42
299 OR 37
80.1 73.9 75.6 70.1 80.4 95.5 87.5 92.2 74.4 64.2 71.4 74.3 62.0 65.9 57.1 57.0 51.8 99.5 64.5 63.3 58.5 82.1 52.8 77.5 86.0 70.2 73.5 97.2 50.8 87.8 55.6 66.3 64.7 75.5 84.6 99.5 59.6 73.5 63.4 63.1 86.7 74.6 70.5 57.1 53.4 62.4 91.1 84.1 67.4 67.6 81.3 51.4 86.4 64.3 50.6 83.3 69.6 71.9 83.0 83.9 93.9 90.4 53.1 78.8 52.7 75.4 89.7 87.4 82.5 85.1 79.7 79.8 99.1 66.4 63.7 96.7 50.9 81.8 99.0 59.2 57.3 57.0 80.2 65.3 50.9 58.9 88.8 60.5 75.7 89.5 63.8 66.9 58.3 53.7 70.6 63.1 88.1 76.4 78.7 74.1 58.2 76.6 93.4 83.6 64.2 86.8 65.1 55.9 72.6 66.0 79.6 82.0 60.8 86.2 56.2 97.7 58.1 53.2 65.2 70.5 53.2 87.0 56.8 57.9 93.2 74.6 66.3 96.0 79.3 63.0 66.7 59.4 98.5 77.4 84.8 63.0 99.4 90.6 72.1 68.6 99.2 82.5 91.3 79.6 53.3 60.1 66.1 78.4 96.5 53.8 70.0 83.0 99.9 64.2 83.0 53.9 64.2 82.0 81.8 86.6 76.0 71.0 67.5 99.8 52.1 72.5 66.7 63.6 80.4 96.4 81.5 70.2 96.0 61.6 82.5 81.7 98.2 56.7 84.6 58.8 53.0 58.9 84.1 68.7 85.9 83.6 78.9 57.0 69.4 98.6 57.0 53.7 50.7 62.3 66.4 72.7 82.8 92.5 60.1 90.5 96.3 76.7 77.1 80.3 83.5 59.6 92.0 80.7 91.9 83.9 52.5 95.1 65.4 61.1 70.0 78.0 99.0 79.8 80.0 99.8 80.6 72.2 71.5 71.7 63.9 60.2 54.0 50.1 73.0 98.3 60.2 56.5 60.6 51.5 63.3 99.5 78.6 67.7 52.7 63.7 68.9 92.4 78.8 74.8 81.6 51.4 51.8 65.8 66.0 99.6
