25 16
91 24 13 45 41 38 27 23 96 79 21 85 64 14 13 21 37 39 74 87 13 81 35 93 99
1.5 1.2 1.6 1.8 1.0 1.8 1.7 1.3 1.2 2.0 1.3 1.1 1.1 1.8 1.6 1.8 1.7 1.5 2.0 1.4 1.6 1.8 1.6 1.9 1.6
1.7 1.0 1.2 1.3 1.1 1.2 1.1 1.3 1.6 1.4 1.4 1.2 1.3 1.9 1.6 1.6 1.2 1.7 1.2 1.4 2.0 1.6 1.6 1.7 1.8
8.0 3.1 1.3 3.8 3.4 2.9 9.5 8.9 3.8 6.9 4.6 9.2 5.1 3.4 3.2 6.1 3.4 6.3 9.1 4.6 3.0 10.0 5.6 1.8 1.4
5
1.3 9 13
2.0 23 8
1.9 16 3
1.4 20 16 19
2.0 24 5 17
5
5 AND 2 1
8 OR 1 6
9 OR 7 2 8
21 AND 10
24 AND 20 1 7
32.2 42.5 45.8 38.4 31.3 37.6 49.9 40.6 49.4 47.2 30.2 44.4 43.6 40.7 35.3 42.8
