25 16
44 63 72 42 20 48 53 12 19 71 11 24 46 25 49 93 14 89 18 27 44 29 37 64 19
1.6 1.1 1.1 1.0 1.3 1.4 1.7 1.3 1.4 1.0 1.3 1.8 1.7 1.9 1.5 1.5 1.6 1.6 1.7 1.3 1.7 1.5 1.4 1.2 1.2
1.8 1.2 1.7 1.4 1.2 1.4 1.4 1.6 1.6 1.6 1.1 1.5 1.9 1.6 1.5 1.6 1.8 1.3 1.2 1.0 1.3 1.4 1.9 1.0 1.9
7.4 6.6 5.1 2.8 3.4 3.2 6.6 9.6 3.0 1.2 9.9 6.4 3.4 5.3 2.6 2.9 1.6 1.8 7.2 9.8 8.2 2.5 7.0 6.9 7.4
5
1.2 16 17 22
1.9 18 1 20
1.2 20 18 21
1.8 7 1 2 19
1.8 20 9 10 14
6
3 OR 2 1
5 AND 3
8 AND 2 3 7
16 OR 4 10 12
21 OR 17 4 18
24 AND 0
47.1 48.0 43.0 35.5 45.3 47.7 33.3 40.5 30.6 36.4 42.8 49.4 38.3 36.4 38.8 41.5
