120 80
14 46 99 28 69 57 95 99 22 68 86 73 87 12 75 65 83 57 89 80 65 60 32 17 23 25 58 29 22 30 75 73 26 59 86 74 44 83 33 58 18 16 84 17 33 17 31 47 45 19 76 89 23 84 93 93 96 17 22 89 68 92 52 52 77 95 99 66 31 26 20 50 16 85 44 57 33 96 87 19 80 94 24 48 73 56 65 15 70 63 87 20 55 26 92 21 95 29 83 49 23 98 78 64 66 85 14 28 10 23 25 26 12 53 25 78 73 43 99 68
1.8 1.9 1.4 1.7 1.1 1.2 1.9 1.4 1.7 1.6 1.3 1.6 1.9 1.3 1.3 1.2 1.2 1.8 1.7 2.0 1.7 2.0 1.2 1.2 1.2 1.4 2.0 1.2 1.5 1.1 1.0 1.5 1.6 1.5 1.9 1.9 2.0 1.6 1.3 1.1 1.8 1.2 1.0 1.7 1.1 1.6 1.2 1.4 1.0 1.4 1.3 1.3 1.1 1.6 1.7 1.2 1.0 1.3 1.7 1.3 1.6 1.1 1.7 1.1 1.2 1.7 1.5 1.6 1.3 1.7 1.3 1.5 1.4 1.9 1.8 1.5 1.8 1.6 1.7 1.5 1.6 1.2 1.9 1.6 1.8 1.6 1.0 1.1 1.9 1.7 1.9 1.9 1.2 2.0 1.6 1.7 1.5 1.3 1.5 1.5 1.3 1.3 1.4 1.3 1.1 1.8 1.4 1.4 1.8 1.7 1.4 1.3 1.8 1.2 1.5 1.4 2.0 1.2 1.6 1.5
1.0 1.2 1.9 1.8 1.2 1.2 1.9 1.6 1.7 1.9 1.3 1.5 1.9 1.2 1.3 1.9 1.8 1.5 1.1 1.8 1.3 1.8 1.3 1.2 1.7 1.4 1.4 1.4 1.5 1.5 1.6 1.1 1.7 1.5 1.8 1.3 1.7 1.2 1.7 1.7 1.5 1.5 2.0 1.4 1.1 1.3 1.0 1.9 1.8 1.2 1.6 1.2 1.9 1.4 1.1 1.6 1.1 1.9 1.9 1.6 1.2 1.8 1.0 1.1 1.3 1.1 1.9 1.7 1.8 1.7 1.2 1.3 1.6 1.8 1.6 1.3 1.8 1.4 1.6 1.8 1.7 1.5 1.6 1.2 1.4 1.8 1.5 1.0 1.8 1.2 1.0 1.6 1.8 1.1 1.4 1.5 1.1 1.6 1.3 1.7 1.5 1.5 1.2 1.8 1.0 1.3 1.1 1.1 1.0 1.5 1.1 1.1 1.4 1.7 1.2 1.7 1.6 1.9 1.8 2.0
4.2 9.0 3.9 3.5 4.8 1.2 7.5 1.8 6.5 1.5 4.8 3.3 9.5 3.7 4.2 3.8 2.1 6.8 3.7 3.4 3.8 4.2 8.1 2.9 2.1 4.0 6.1 3.5 2.0 4.2 9.6 9.1 5.0 4.9 2.6 7.0 7.5 3.3 6.6 1.9 3.8 3.6 8.2 6.6 5.6 4.9 6.0 5.3 3.3 8.5 8.2 4.5 4.6 9.3 1.2 7.9 2.5 2.7 4.1 6.6 3.9 5.7 5.6 9.3 6.2 3.4 6.7 6.0 3.7 7.5 1.1 9.9 8.9 1.5 7.4 2.2 9.9 5.1 7.7 3.3 6.9 1.3 8.2 3.4 2.5 5.0 5.5 1.4 2.5 4.4 5.9 7.3 2.2 8.4 4.2 9.9 4.3 5.0 4.2 1.7 9.3 6.3 7.8 2.4 5.4 3.6 3.4 4.6 6.6 5.1 7.3 9.9 6.3 8.2 9.6 9.7 4.1 8.5 7.3 1.2
5
1.7 58 30
1.5 41 51 21 61
1.6 69 6 15
1.9 106 5 52 0
1.8 36 71 96 81
31
1 AND 0
9 AND 5 2
15 AND 8
16 AND 3 10
17 AND 12
19 AND 16 6
20 AND 2 19
22 AND 9 16
26 OR 22 2
28 OR 21
33 OR 21
38 OR 31
39 AND 13 17
45 OR 41
46 OR 20 12
47 AND 7 37
53 AND 14
63 AND 19
64 AND 48 46
68 AND 59
69 AND 1
76 OR 64 13
81 OR 28
84 AND 57
85 OR 33 64
90 OR 83 2
94 AND 38
97 OR 65
108 AND 107 2
109 AND 72 67
110 OR 77 26
56.4 57.9 57.9 46.7 54.5 56.6 48.9 52.8 47.6 58.4 50.5 44.8 48.6 51.7 47.5 46.6 52.6 46.4 49.8 41.7 46.4 42.3 49.6 46.6 47.5 40.6 59.8 44.2 40.2 51.7 40.8 51.4 58.3 41.2 49.5 56.7 44.8 42.6 41.2 53.9 55.3 48.5 47.0 59.7 45.0 56.0 56.2 49.1 55.7 46.5 58.0 54.9 52.5 56.8 53.5 57.3 47.1 47.5 58.9 48.7 46.2 56.2 47.0 48.4 51.4 41.8 56.8 52.2 40.9 41.9 45.9 48.6 56.0 56.0 54.8 54.6 50.2 41.7 47.0 54.9
