60 40
91 24 13 45 41 38 27 23 96 79 21 85 64 14 13 21 37 39 74 87 13 81 35 93 99 79 63 38 67 85 45 10 30 99 64 53 45 29 37 53 23 21 58 22 55 54 87 43 15 68 78 25 58 20 80 47 90 89 56 83
1.2 1.1 1.7 1.8 2.0 1.9 1.9 1.4 1.5 1.8 1.2 1.4 1.7 1.7 1.7 1.1 1.6 1.5 1.2 1.5 1.3 1.9 1.7 1.2 1.3 1.8 1.1 1.8 1.8 1.4 1.1 1.9 1.6 1.7 1.2 1.5 1.9 1.6 1.1 1.1 1.7 1.5 1.7 1.4 1.6 1.4 2.0 1.1 1.5 1.8 1.9 1.2 1.2 1.7 1.6 1.4 1.6 1.5 1.3 1.6
1.9 1.7 1.1 1.9 1.8 1.8 1.3 1.3 1.2 1.0 1.7 1.7 2.0 1.8 1.5 1.1 1.6 1.8 1.5 1.2 1.4 1.2 2.0 1.9 1.9 1.6 1.5 1.1 1.4 2.0 1.8 1.2 1.2 1.6 1.1 1.7 1.8 2.0 1.5 1.1 1.7 1.9 1.2 1.5 1.6 2.0 1.9 1.8 1.7 1.7 1.4 1.7 1.4 1.9 1.5 1.2 1.1 1.0 1.6 1.6
10.1 20.6 10.9 11.0 10.5 15.0 17.7 14.2 17.3 18.1 20.9 23.2 18.6 13.6 17.1 16.1 11.4 19.9 15.3 16.2 23.0 10.8 19.8 19.7 10.9 20.9 22.0 11.6 12.9 18.0 12.1 12.8 16.9 23.1 11.1 22.1 22.8 11.5 19.8 18.1 10.2 11.4 21.3 13.5 16.1 17.2 23.0 23.5 12.5 10.0 15.9 23.9 21.8 14.3 20.4 21.0 21.8 19.9 17.3 12.8
5
1.5 56 4 15
1.6 28 53
1.6 39 51 41
1.7 52 35 19 59
1.9 16 7
18
2 AND 0 1
4 AND 2 0
6 OR 2
8 AND 7 4 5
9 OR 2
12 AND 0
17 AND 3
23 OR 5
24 OR 10 13 21
26 OR 3 12 1
27 OR 11 9
29 AND 6 12 10
30 OR 11 20
34 AND 11 16
40 OR 12 16 2
41 AND 12 23 27
51 AND 12
58 OR 13 27
60.9 52.9 86.8 53.0 65.7 52.5 73.8 96.0 76.6 52.8 75.4 92.6 53.4 53.4 93.1 70.2 97.1 78.5 78.9 52.0 54.1 82.9 78.3 65.8 63.0 83.5 65.7 63.3 56.5 82.3 72.9 96.5 96.8 50.5 81.1 78.1 55.0 76.9 75.3 56.6
