25 16
14 46 99 28 69 57 95 99 22 68 86 73 87 12 75 65 83 57 89 80 65 60 32 17 23
1.8 1.4 1.1 1.5 1.5 1.8 1.6 1.5 1.6 1.4 1.0 1.1 1.9 1.8 1.3 1.9 1.5 1.1 1.9 1.6 1.9 1.7 1.1 1.6 1.8
1.9 1.3 1.5 1.7 1.2 1.8 1.8 1.1 1.6 1.4 1.2 1.6 2.0 1.6 1.1 1.5 1.8 2.0 1.7 1.0 2.0 1.6 1.1 1.1 1.1
7.0 2.4 8.3 2.0 5.8 5.0 1.3 1.0 9.1 9.8 2.1 7.6 9.9 9.1 9.0 4.0 7.5 5.5 9.4 7.3 8.6 8.7 4.5 7.4 1.8
5
1.8 7 11 6
1.6 12 7 1
1.2 3 0
1.4 16 3 18 11
1.5 14 24
8
1 AND 0
3 AND 0 2
4 AND 2 3
7 AND 0
9 AND 1 7 5
11 OR 7
12 OR 10 7 4
22 OR 20 4 19
34.1 48.7 38.1 43.7 41.5 35.2 41.7 48.2 36.5 36.9 33.7 33.6 46.5 44.1 49.3 43.4
