60 40
14 46 99 28 69 57 95 99 22 68 86 73 87 12 75 65 83 57 89 80 65 60 32 17 23 25 58 29 22 30 75 73 26 59 86 74 44 83 33 58 18 16 84 17 33 17 31 47 45 19 76 89 23 84 93 93 96 17 22 89
1.5 1.6 1.7 1.3 1.7 1.4 1.1 1.1 1.3 1.9 1.3 1.7 1.7 1.1 2.0 1.7 1.3 1.9 1.7 1.4 1.4 1.5 1.4 1.8 1.4 1.6 1.9 1.7 1.6 1.3 1.7 1.4 1.6 1.1 1.1 1.8 1.8 1.1 1.0 1.8 1.8 1.8 1.1 1.5 1.3 1.8 1.5 1.3 2.0 1.1 1.0 1.7 1.8 1.7 1.2 1.9 1.4 1.6 1.4 1.8
1.4 1.1 1.5 1.8 1.2 1.7 1.1 1.2 1.3 1.3 1.8 2.0 1.8 1.4 1.1 1.5 1.1 1.0 1.9 1.8 1.9 1.5 1.5 1.1 1.3 1.2 1.4 1.4 1.2 1.1 1.2 1.6 1.4 1.4 1.1 1.2 1.1 1.3 1.5 1.5 1.2 1.2 1.2 1.1 1.5 1.9 1.8 1.8 1.5 1.3 1.3 1.0 1.2 2.0 1.2 1.6 1.4 1.7 2.0 1.3
24.5 21.2 17.3 18.2 16.4 16.5 22.2 11.1 19.2 20.5 20.9 12.3 21.2 19.7 22.0 19.6 11.3 21.6 19.8 12.8 13.0 21.9 22.2 10.9 12.5 25.0 16.3 11.0 16.9 20.4 17.5 11.7 14.8 15.0 11.5 15.8 24.9 14.9 22.5 13.2 21.9 12.7 14.5 16.5 22.4 14.4 19.6 24.2 14.5 12.0 12.3 12.1 20.3 19.6 17.6 20.7 12.8 23.6 15.8 18.0
5
1.8 3 0 40
1.9 57 6
1.5 13 15 2 49
1.2 6 19
1.8 55 32 42 54
16
2 OR 1 0
12 OR 10 7
17 AND 2
19 AND 8 16 17
22 AND 3 12
23 AND 19 2 20
26 OR 3 17 13
31 AND 17 0
33 AND 3
34 AND 19 1 22
35 OR 25 19 17
36 OR 13
43 AND 28
45 OR 17 16 31
46 AND 20 18
58 AND 49 0 10
99.6 91.7 55.3 87.3 68.1 55.2 71.8 75.1 99.3 54.8 78.5 75.9 52.6 78.8 81.6 78.1 77.1 97.7 50.4 85.9 74.1 53.8 55.4 86.1 72.4 54.4 83.8 71.3 57.4 59.3 50.4 63.3 96.1 54.4 77.8 66.1 51.1 67.8 66.3 56.1
