120 80
44 63 72 42 20 48 53 12 19 71 11 24 46 25 49 93 14 89 18 27 44 29 37 64 19 88 62 28 99 17 14 32 51 42 55 50 22 62 21 12 52 50 59 99 77 94 78 90 89 99 92 42 85 94 17 73 57 36 54 29 90 12 41 73 89 64 47 36 63 59 58 28 84 68 80 21 81 59 17 75 88 13 89 79 94 90 76 46 50 48 31 33 11 89 45 16 61 23 10 89 83 56 89 45 68 66 35 52 44 41 92 90 76 94 38 73 13 29 12 86
2.0 1.8 1.1 1.6 1.8 1.9 1.1 1.1 1.4 1.6 1.1 1.7 1.8 1.4 1.8 1.4 1.8 1.4 1.4 1.4 1.7 1.9 1.1 1.6 1.8 1.7 1.2 1.4 1.9 1.2 2.0 1.4 1.5 1.7 1.7 1.6 1.9 1.6 1.9 1.7 1.6 1.1 1.9 1.2 1.2 1.0 1.6 1.4 1.7 1.8 1.9 1.8 1.8 1.4 1.1 1.8 2.0 1.5 1.9 1.6 1.4 1.8 1.1 1.4 1.7 1.1 1.6 1.4 1.2 1.4 1.7 1.7 1.6 1.8 1.4 1.6 1.1 1.7 1.7 1.6 1.8 2.0 1.7 2.0 1.7 1.3 1.9 1.7 1.6 1.1 1.6 1.3 1.6 1.9 1.4 1.0 1.1 1.5 1.8 1.0 1.4 1.3 1.4 1.6 1.5 1.3 1.9 1.8 1.9 1.1 1.5 1.2 1.1 1.9 1.7 1.5 1.8 1.8 1.5 1.1
1.9 1.5 1.4 1.2 1.5 1.9 1.9 1.1 1.1 2.0 1.5 1.6 1.7 1.4 1.4 1.9 1.6 1.0 1.0 1.8 1.6 1.7 1.5 1.7 1.3 1.4 1.3 1.3 1.9 1.9 1.5 1.0 1.9 1.8 1.6 2.0 1.8 1.6 1.3 1.6 1.4 1.2 1.2 1.1 1.7 1.4 2.0 1.9 1.3 1.1 1.8 1.8 1.4 1.8 1.9 1.4 1.4 1.6 1.8 1.7 2.0 1.1 1.1 1.1 1.9 1.3 1.1 1.2 1.0 1.5 1.6 1.3 1.0 1.0 1.7 1.0 1.2 1.4 1.4 1.9 1.9 1.5 1.6 1.4 1.6 1.1 1.2 1.8 1.5 1.5 1.8 1.7 1.2 1.5 1.9 1.3 2.0 1.2 1.4 1.2 1.3 1.2 1.7 1.7 1.9 1.1 2.0 1.7 1.3 1.7 1.6 1.4 1.3 1.1 1.2 1.9 1.4 1.7 1.4 1.2
4.9 3.0 4.9 2.7 2.2 8.1 3.8 7.2 9.3 9.2 8.5 5.5 5.6 1.2 7.1 5.5 4.1 8.7 7.8 8.1 4.1 5.6 8.0 9.2 5.4 7.5 6.1 3.0 8.9 5.9 2.6 6.2 8.7 2.4 2.5 6.7 2.2 7.9 6.5 5.3 5.1 9.8 3.7 6.1 4.9 9.6 4.4 1.0 5.0 5.9 7.7 6.7 9.0 3.2 6.7 8.5 9.0 8.2 6.9 4.8 9.3 7.7 4.9 9.5 8.9 9.7 9.5 9.5 4.7 4.6 9.8 1.3 9.5 8.4 2.7 6.7 4.4 7.7 9.3 7.8 8.6 3.6 5.5 5.2 9.4 2.9 7.5 7.1 4.1 9.4 9.1 3.3 3.9 6.8 2.2 3.6 2.0 7.4 5.4 1.9 8.5 5.9 6.9 3.2 7.1 4.0 9.8 1.6 1.4 4.5 2.2 2.2 7.8 5.9 7.3 2.6 6.8 7.9 1.8 2.6
5
1.6 62 68 17 102
1.9 105 56 92
1.8 67 57 31 32
1.3 32 113 17
1.2 15 116 56
41
4 AND 0
8 AND 3
10 AND 6 2
16 OR 11 9
20 AND 4 6
22 OR 1
25 OR 12
28 OR 5
33 AND 0 22
37 AND 33
38 AND 9 6
39 OR 0
41 AND 15
42 AND 11 24
43 OR 42
52 AND 28
53 AND 33
54 AND 42 13
55 OR 6 48
56 OR 1 26
58 AND 36 22
59 AND 7 9
62 AND 55
63 OR 29 14
64 AND 62
65 AND 36
68 AND 64
69 AND 10 47
70 OR 32 9
72 OR 28 40
79 OR 14 35
81 AND 30
83 AND 30
84 OR 6 64
88 AND 5
94 OR 54 65
96 AND 45 41
100 OR 14 8
102 OR 13 79
107 AND 12 18
108 AND 76 86
49.2 46.5 56.9 51.2 49.4 47.8 43.3 43.7 45.5 40.3 43.3 51.8 50.1 50.0 50.9 51.5 60.0 50.4 55.4 46.0 56.1 50.7 57.2 59.2 43.9 57.8 52.7 57.9 40.9 56.8 54.9 57.1 45.7 46.5 53.0 47.1 50.9 56.7 47.5 59.9 57.8 54.7 57.1 40.3 52.5 58.1 46.8 52.1 42.0 55.2 44.4 59.6 52.2 41.0 50.7 42.5 46.5 53.4 41.7 56.6 53.8 53.5 46.5 42.2 50.6 53.4 58.9 53.2 54.9 49.3 44.6 50.8 58.7 51.0 41.1 52.7 57.1 49.7 53.7 43.2
