120 80
19 61 15 85 85 39 91 76 29 84 78 14 13 18 50 90 16 13 27 80 47 77 52 21 60 100 71 56 29 70 69 19 68 99 79 89 24 65 38 53 74 66 45 29 23 86 55 18 87 52 68 61 33 59 48 55 36 24 84 41 88 100 96 50 18 46 24 57 81 33 56 77 94 82 91 84 31 79 34 18 60 22 53 32 83 10 96 33 48 61 83 94 12 76 93 14 35 40 56 20 19 60 66 93 32 27 58 79 45 94 70 58 100 29 59 94 49 58 26 58
1.0 1.1 2.0 1.4 1.3 1.7 1.7 1.9 1.9 1.1 1.2 1.4 1.3 1.6 1.2 1.9 1.3 1.9 1.9 1.7 1.3 1.1 2.0 1.9 1.5 1.1 1.8 1.3 1.4 2.0 1.9 1.8 1.1 1.7 1.6 1.7 1.0 1.9 1.2 1.0 1.7 1.7 1.7 1.1 1.2 1.5 1.6 1.7 1.0 1.7 1.2 1.3 1.2 1.5 1.3 1.6 1.3 1.1 1.3 1.3 1.3 2.0 1.6 1.9 1.6 2.0 1.5 1.5 1.3 1.2 1.9 1.5 1.7 1.9 1.5 1.2 1.7 1.8 1.9 1.4 1.1 1.7 1.8 1.0 1.8 1.8 1.1 1.6 1.1 1.5 1.1 1.6 1.3 1.5 1.6 1.8 1.5 1.1 1.3 1.4 1.3 1.2 2.0 1.3 1.0 1.2 1.8 1.7 1.5 1.0 1.3 1.9 1.1 1.1 1.5 1.0 1.9 1.8 1.2 1.9
2.0 1.8 1.8 1.1 1.2 1.5 1.2 1.8 1.4 1.6 1.4 2.0 1.3 1.9 1.9 1.6 1.1 1.9 1.2 1.1 1.9 1.2 1.0 1.9 1.9 1.3 1.4 1.7 1.7 1.3 1.1 1.1 1.3 1.0 1.7 1.4 1.5 1.3 1.4 1.7 1.9 1.8 1.5 1.8 1.3 1.6 1.3 1.9 1.4 1.0 1.8 1.1 1.9 1.8 1.9 1.1 1.3 1.0 1.0 1.4 1.6 1.0 1.7 1.4 1.1 1.6 1.4 1.4 2.0 1.6 1.4 1.5 1.9 1.2 1.7 2.0 1.7 1.1 1.8 1.5 1.2 1.7 1.9 1.7 2.0 1.2 2.0 1.9 1.4 1.5 1.8 1.8 1.5 1.2 1.5 1.9 1.9 1.2 1.1 1.4 1.6 1.9 1.9 1.6 1.3 1.8 1.6 1.1 1.5 1.6 1.4 1.6 1.8 1.9 1.6 1.1 2.0 1.8 1.5 1.5
9.6 1.5 6.8 5.5 9.9 2.6 9.3 2.6 4.2 8.7 4.6 2.8 3.6 5.0 2.0 9.7 5.4 4.0 7.5 6.2 3.5 9.9 7.0 4.0 9.9 7.4 3.0 8.7 5.6 3.2 2.2 8.6 2.4 7.4 5.4 2.8 5.5 1.2 5.2 1.3 4.7 1.2 8.5 7.9 2.2 9.6 8.3 2.6 5.2 6.3 9.0 2.4 8.1 4.8 1.7 3.7 2.6 9.0 8.8 2.0 9.7 7.8 8.0 8.2 8.4 9.2 5.7 9.6 9.7 8.9 3.7 8.9 5.9 4.7 9.0 2.2 5.2 3.0 8.9 9.9 7.7 7.3 6.5 4.7 5.6 7.0 9.2 2.0 5.6 2.1 3.1 8.5 7.3 2.0 6.9 1.7 1.3 8.7 6.9 5.6 9.8 6.5 6.7 4.8 6.7 9.5 7.7 8.1 9.9 9.7 3.1 8.4 9.9 6.8 1.8 9.2 3.2 8.1 1.8 5.8
5
1.6 76 95 25 41
1.8 64 62
1.5 76 87
1.4 74 16
1.3 82 49 44
39
7 OR 2 1
10 OR 2
11 OR 4
12 OR 8
15 OR 5
16 OR 13
17 AND 3
22 AND 5 6
29 OR 20 5
32 AND 4
33 AND 24
35 AND 2
36 AND 24
38 OR 20
42 OR 5
43 AND 20 4
44 OR 2 42
47 OR 32 39
53 AND 27 1
65 AND 43 50
66 AND 58 60
70 AND 24
74 AND 53
75 OR 25 67
80 OR 10
82 AND 13
84 AND 44
86 OR 41 15
88 OR 0
97 AND 69 22
100 AND 47
105 OR 27 91
106 OR 63 37
107 AND 23
111 OR 43
114 OR 37
115 OR 33
118 OR 96 49
119 AND 0
58.0 52.3 43.9 54.3 54.5 57.4 44.2 59.0 55.7 42.5 41.8 40.1 54.2 45.9 48.5 55.0 47.6 45.2 46.6 48.1 54.5 49.8 47.5 59.0 48.2 47.1 54.2 47.9 53.2 59.8 44.2 57.2 52.2 48.3 43.3 57.2 48.4 58.3 57.3 41.6 53.4 48.4 51.1 41.1 43.9 40.1 42.0 55.6 46.5 47.0 56.6 44.1 59.4 41.2 40.7 54.1 49.4 50.2 46.3 58.9 51.3 41.0 53.0 56.8 59.3 58.9 58.5 55.9 40.6 55.6 47.7 46.7 42.2 48.5 46.3 44.9 56.5 49.4 53.4 42.5
