60 40
44 63 72 42 20 48 53 12 19 71 11 24 46 25 49 93 14 89 18 27 44 29 37 64 19 88 62 28 99 17 14 32 51 42 55 50 22 62 21 12 52 50 59 99 77 94 78 90 89 99 92 42 85 94 17 73 57 36 54 29
1.6 1.0 1.5 1.6 1.3 1.4 1.8 1.1 1.5 1.1 1.4 1.9 1.6 1.0 1.9 1.7 1.5 1.3 1.3 1.2 1.6 1.0 1.9 1.1 1.6 1.6 1.4 1.3 1.4 1.3 2.0 1.6 1.5 1.7 1.5 1.1 1.0 2.0 1.8 1.1 1.6 1.8 1.9 1.1 1.1 1.4 1.6 1.1 1.7 1.8 1.4 1.8 1.4 1.8 1.4 1.4 1.4 1.7 1.9 1.1
1.6 1.8 1.7 1.2 1.4 1.9 1.2 2.0 1.4 1.5 1.7 1.7 1.6 1.9 1.6 1.9 1.7 1.6 1.1 1.9 1.2 1.2 1.0 1.6 1.4 1.7 1.8 1.9 1.8 1.8 1.4 1.1 1.8 2.0 1.5 1.9 1.6 1.4 1.8 1.1 1.4 1.7 1.1 1.6 1.4 1.2 1.4 1.7 1.7 1.6 1.8 1.4 1.6 1.1 1.7 1.7 1.6 1.8 2.0 1.7
24.6 19.8 14.2 23.0 20.0 19.4 12.2 18.5 15.1 18.6 23.9 15.7 10.3 11.8 18.1 22.6 10.7 16.2 15.1 16.6 19.4 17.5 14.1 23.0 22.1 23.5 11.9 18.0 13.5 11.4 23.9 19.9 16.8 21.5 22.7 17.0 11.6 23.5 17.6 16.3 12.9 17.8 23.0 24.0 12.1 11.8 24.9 17.9 19.5 20.4 16.2 15.9 23.1 19.4 10.3 10.6 22.6 18.9 21.2 17.5
5
1.4 17 5
1.9 48 9
2.0 11 40 55 18
1.8 5 44
1.7 15 48 28
12
1 AND 0
8 AND 2 3 7
10 OR 3 4
11 AND 2 0 10
18 OR 6 11 10
20 OR 18 7
25 AND 11 0
27 AND 14 16 0
38 AND 34 11
44 AND 38 30
49 OR 16 0
53 OR 15 20
85.5 67.4 68.3 67.1 64.7 97.4 93.8 77.3 52.1 96.3 90.5 81.9 98.2 87.8 80.4 66.9 81.1 71.1 58.7 58.1 55.3 84.2 68.8 99.4 95.8 64.2 55.1 91.6 92.5 68.4 88.1 96.9 72.3 72.1 80.9 92.3 85.2 99.4 57.2 54.7
