120 80
91 24 13 45 41 38 27 23 96 79 21 85 64 14 13 21 37 39 74 87 13 81 35 93 99 79 63 38 67 85 45 10 30 99 64 53 45 29 37 53 23 21 58 22 55 54 87 43 15 68 78 25 58 20 80 47 90 89 56 83 34 100 18 15 94 39 47 20 39 22 58 45 68 91 56 30 57 55 36 95 44 99 97 92 19 87 91 31 78 41 30 69 58 44 91 98 81 38 97 51 17 39 14 50 61 44 18 37 82 50 37 93 73 60 92 68 28 43 27 41
1.7 1.5 1.7 1.4 1.6 1.4 2.0 1.1 1.5 1.8 1.9 1.2 1.2 1.7 1.6 1.4 1.6 1.5 1.3 1.6 1.9 1.7 1.1 1.9 1.8 1.8 1.3 1.3 1.2 1.0 1.7 1.7 2.0 1.8 1.5 1.1 1.6 1.8 1.5 1.2 1.4 1.2 2.0 1.9 1.9 1.6 1.5 1.1 1.4 2.0 1.8 1.2 1.2 1.6 1.1 1.7 1.8 2.0 1.5 1.1 1.7 1.9 1.2 1.5 1.6 2.0 1.9 1.8 1.7 1.7 1.4 1.7 1.4 1.9 1.5 1.2 1.1 1.0 1.6 1.6 1.0 1.7 1.1 1.1 1.0 1.3 1.5 1.3 1.5 1.5 1.7 1.9 1.6 1.2 1.5 1.4 1.1 1.7 1.4 1.4 1.9 1.1 1.7 1.6 1.1 1.7 1.8 1.1 1.2 1.5 1.1 1.2 1.5 1.9 1.1 1.8 1.9 1.1 1.7 1.5
1.0 1.1 1.8 1.2 1.4 1.5 1.9 1.9 1.2 1.0 1.4 1.9 1.8 1.3 1.7 1.7 1.8 1.7 1.5 1.2 1.2 1.1 1.7 1.1 1.3 1.1 1.5 1.9 1.5 1.1 1.5 1.9 1.1 1.1 1.9 1.4 1.9 1.6 1.6 1.0 1.1 1.7 1.6 1.3 1.3 1.7 1.3 1.3 1.1 1.6 1.5 1.9 1.9 1.0 1.6 1.6 1.1 1.5 1.5 1.1 1.3 1.1 1.2 1.3 1.4 1.5 1.3 2.0 1.8 1.5 1.7 1.6 1.9 1.1 1.9 1.3 1.9 1.7 1.2 1.3 1.2 1.3 1.7 1.9 1.5 1.3 1.9 1.1 1.6 1.8 1.0 1.3 1.1 2.0 1.2 1.4 1.7 1.6 1.1 1.9 1.7 1.1 1.0 1.4 1.6 1.4 1.0 1.4 1.9 2.0 1.0 1.4 1.7 1.7 1.4 1.6 1.9 2.0 1.7 1.9
3.1 2.5 8.2 2.6 4.7 2.6 9.3 8.0 4.7 7.0 7.6 3.2 2.4 7.3 4.4 1.3 5.2 2.8 9.3 4.1 8.4 8.8 3.0 6.9 4.6 3.5 1.6 8.0 4.2 5.6 7.1 8.6 4.0 1.2 8.9 3.4 6.2 9.9 1.3 6.4 4.1 8.1 4.9 9.9 2.0 9.1 2.7 1.4 4.9 5.7 8.3 7.2 9.5 7.6 2.8 4.9 9.5 9.3 6.6 7.0 2.1 9.1 5.6 7.0 3.9 7.3 6.0 2.7 7.0 4.4 7.7 2.6 6.1 4.7 8.5 3.7 2.9 8.1 6.5 3.9 5.0 7.1 5.6 8.1 9.6 7.6 6.9 3.6 7.0 6.6 1.8 9.6 3.1 3.8 8.3 2.3 1.4 9.9 6.5 7.9 5.1 9.0 6.2 7.5 4.5 4.6 2.3 7.2 9.0 8.7 9.0 8.0 3.0 8.2 7.3 5.2 6.0 9.3 2.1 2.2
5
1.7 44 28
1.4 5 96 3 31
1.4 79 19
2.0 85 14 72
1.5 89 32 98
30
5 OR 0 4
10 OR 1
16 OR 11 1
20 AND 14 4
23 OR 14 13
26 OR 8
27 OR 18 19
33 OR 17 0
34 AND 26
40 OR 25
49 OR 14 7
54 OR 17 46
59 AND 11 19
61 AND 35
65 AND 36
67 OR 32
71 AND 19
75 AND 28 66
77 OR 39 72
81 OR 33
82 AND 70
83 AND 76 60
84 OR 58 9
95 OR 39
102 OR 56 10
106 OR 86
111 OR 97
115 AND 81 104
116 AND 52 42
117 AND 42
49.3 50.6 51.2 46.3 55.1 48.9 56.3 57.8 48.5 58.1 48.9 43.2 57.2 49.0 55.0 56.8 45.5 55.6 49.7 44.8 48.8 54.3 44.7 46.7 57.9 41.6 43.0 47.7 43.1 44.3 48.3 46.6 49.3 41.2 56.7 47.8 55.4 58.9 40.4 57.6 51.5 49.5 58.9 46.0 47.8 57.8 56.7 50.8 54.7 56.0 58.0 49.8 45.5 49.7 47.8 53.4 56.0 54.5 56.8 58.4 59.6 50.7 58.1 51.8 53.3 41.7 48.6 57.3 43.6 45.2 46.5 49.1 46.8 57.6 45.6 59.0 48.4 56.7 49.4 55.0
