60 25
91 24 13 45 41 38 27 23 96 79 21 85 64 14 13 21 37 39 74 87 13 81 35 93 99 79 63 38 67 85 45 10 30 99 64 53 45 29 37 53 23 21 58 22 55 54 87 43 15 68 78 25 58 20 80 47 90 89 56 83
1.2 1.1 1.7 1.8 2.0 1.9 1.9 1.4 1.5 1.8 1.2 1.4 1.7 1.7 1.7 1.1 1.6 1.5 1.2 1.5 1.3 1.9 1.7 1.2 1.3 1.8 1.1 1.8 1.8 1.4 1.1 1.9 1.6 1.7 1.2 1.5 1.9 1.6 1.1 1.1 1.7 1.5 1.7 1.4 1.6 1.4 2.0 1.1 1.5 1.8 1.9 1.2 1.2 1.7 1.6 1.4 1.6 1.5 1.3 1.6
1.9 1.7 1.1 1.9 1.8 1.8 1.3 1.3 1.2 1.0 1.7 1.7 2.0 1.8 1.5 1.1 1.6 1.8 1.5 1.2 1.4 1.2 2.0 1.9 1.9 1.6 1.5 1.1 1.4 2.0 1.8 1.2 1.2 1.6 1.1 1.7 1.8 2.0 1.5 1.1 1.7 1.9 1.2 1.5 1.6 2.0 1.9 1.8 1.7 1.7 1.4 1.7 1.4 1.9 1.5 1.2 1.1 1.0 1.6 1.6
1.0 1.0 13.0 13.0 1.0 2.0 1.0 1.0 21.0 3.0 1.0 8.0 2.0 3.0 13.0 5.0 2.0 8.0 2.0 13.0 8.0 8.0 5.0 2.0 21.0 5.0 21.0 5.0 2.0 1.0 1.0 13.0 5.0 3.0 5.0 5.0 5.0 21.0 13.0 1.0 13.0 13.0 13.0 1.0 1.0 5.0 13.0 3.0 21.0 21.0 1.0 2.0 2.0 2.0 8.0 5.0 2.0 5.0 2.0 3.0
5
1.4 45 31 9 12
1.6 37 47
1.6 20 3 37 30
1.9 10 3 32 5
1.7 38 4
22
1 OR 0
2 OR 1
5 AND 2 1 3
7 AND 6 0
10 AND 3 8 4
12 AND 5
22 AND 8
23 OR 4 8 9
25 AND 8 16 15
27 AND 13 26 8
29 AND 5 23
32 OR 9 2 23
33 AND 2
38 AND 6
44 OR 11
45 OR 21 26 42
47 OR 6 24 2
48 OR 22 19
50 AND 12 25 21
51 OR 22 41
55 OR 11 37
56 AND 38
73.1 93.7 53.8 90.4 92.8 54.9 82.6 77.0 50.7 54.7 87.7 61.8 70.3 74.1 93.2 95.1 58.2 50.1 69.5 96.3 89.3 64.3 84.8 86.5 89.2
