60 40
62 76 79 99 24 32 58 38 47 13 38 24 82 11 22 30 75 98 48 98 91 58 85 61 98 95 51 55 19 53 46 89 30 24 75 18 85 22 44 50 23 90 47 14 54 59 22 71 70 34 34 26 43 41 16 15 96 97 65 100
1.0 1.7 1.7 1.7 1.3 1.8 1.6 1.6 1.5 1.2 1.5 1.8 1.7 1.3 1.8 1.8 1.0 1.2 1.2 1.0 1.8 1.6 1.5 2.0 1.4 1.2 1.1 1.3 1.8 1.6 1.1 1.4 1.0 1.6 1.1 1.2 1.6 1.8 1.6 1.3 1.6 1.3 1.0 1.3 1.7 1.6 1.2 1.8 1.8 1.3 2.0 1.3 1.1 1.5 1.9 1.6 1.5 1.5 1.3 1.3
1.4 1.5 1.9 1.1 1.3 1.9 1.7 1.1 1.4 1.7 1.9 1.1 1.9 1.8 1.3 1.5 1.8 1.2 1.7 1.6 1.1 1.3 1.4 1.1 1.9 1.3 1.2 1.6 1.5 1.3 1.3 1.5 1.9 1.1 1.9 1.9 1.7 1.8 1.4 2.0 1.7 1.7 1.4 1.2 1.7 1.7 1.0 1.3 1.5 1.2 1.1 1.2 1.0 1.1 1.4 1.5 1.6 1.3 1.1 1.9
19.5 20.2 20.3 14.8 18.9 14.8 19.8 22.3 10.2 21.9 11.8 10.2 11.1 18.4 22.9 23.9 12.4 16.4 24.1 23.3 22.4 13.7 14.1 12.2 14.0 16.1 22.0 19.9 12.6 12.7 16.8 23.4 17.1 21.8 20.3 23.2 17.4 15.7 16.9 22.0 14.2 12.9 22.6 17.2 19.6 12.6 10.6 13.4 16.4 10.5 14.1 24.1 16.6 10.1 22.0 14.5 12.6 19.6 20.0 14.9
5
1.7 56 50
1.7 40 38
1.5 35 44 3
2.0 33 43 59 13
1.8 24 7 41 33
15
1 OR 0
2 OR 0 1
3 AND 1
6 AND 1
11 OR 7 8
13 OR 7
19 AND 16 6 14
20 AND 15
23 AND 8
30 OR 27 6 15
39 OR 4 2
49 AND 16
54 AND 41 44
55 OR 46 29 40
58 AND 22
85.5 93.8 67.0 74.9 50.3 79.6 64.6 82.6 87.9 67.0 83.4 97.1 58.5 89.9 73.9 97.2 53.7 69.2 58.1 62.9 94.5 76.5 67.9 98.1 52.6 50.9 88.4 77.9 91.6 74.8 97.2 66.6 61.4 94.2 76.7 51.5 50.5 50.8 86.5 81.9
