120 80
62 76 79 99 24 32 58 38 47 13 38 24 82 11 22 30 75 98 48 98 91 58 85 61 98 95 51 55 19 53 46 89 30 24 75 18 85 22 44 50 23 90 47 14 54 59 22 71 70 34 34 26 43 41 16 15 96 97 65 100 14 98 93 52 57 70 90 68 85 79 29 39 71 68 97 54 88 15 45 30 11 38 11 84 87 92 81 79 46 55 82 35 61 24 56 53 24 38 87 17 65 16 96 89 70 25 28 32 92 10 89 93 47 92 18 44 19 10 65 45
1.2 1.5 1.7 1.9 2.0 1.1 1.5 2.0 2.0 2.0 1.8 1.8 1.3 1.8 1.1 1.5 1.4 1.3 1.9 1.4 1.3 1.1 1.1 1.1 1.9 1.4 1.3 1.4 1.3 1.6 1.1 1.7 1.5 1.4 1.0 1.2 1.5 1.5 1.9 1.7 2.0 1.5 1.1 1.9 1.4 1.1 2.0 1.9 1.1 1.0 1.9 1.4 1.6 1.7 1.4 1.6 1.6 2.0 1.5 1.2 1.2 1.1 2.0 1.3 1.0 1.7 1.6 1.2 1.5 1.1 1.1 1.5 1.1 1.9 1.4 1.3 1.8 1.2 1.6 1.1 1.5 1.9 2.0 1.6 1.3 1.0 1.2 1.2 1.2 1.2 1.1 1.9 1.8 1.9 1.7 1.3 1.4 1.4 1.6 2.0 1.3 1.8 1.8 1.2 1.9 1.5 1.3 1.9 1.5 1.3 1.3 1.6 1.4 2.0 1.5 1.1 1.7 1.6 1.3 1.2
1.9 1.8 1.3 1.4 1.4 1.3 2.0 1.5 1.7 1.1 1.2 1.5 1.0 1.8 1.2 1.7 1.7 1.6 1.9 1.4 1.9 1.6 1.0 1.2 1.2 1.6 1.8 1.0 1.3 1.1 1.7 1.0 1.7 1.3 1.1 1.4 1.1 1.2 1.0 1.1 1.8 1.1 1.6 1.7 1.3 1.7 1.1 1.5 1.4 1.9 1.7 1.5 1.0 1.4 1.8 1.6 1.1 1.9 1.6 1.2 1.6 1.6 1.6 1.1 1.5 1.8 1.5 2.0 1.2 1.1 1.4 1.6 1.8 1.1 1.1 1.9 1.3 1.8 1.9 1.3 1.6 1.4 1.5 1.3 1.4 1.7 1.4 1.1 1.4 1.2 1.8 1.3 1.3 1.8 1.9 1.4 1.5 1.6 1.3 1.4 1.8 1.5 1.5 1.6 1.1 1.3 1.2 1.8 1.6 1.5 1.2 1.0 1.1 1.2 1.3 1.5 1.9 1.2 1.2 1.0
5.8 4.7 5.2 9.3 6.5 6.5 3.1 5.8 2.8 9.8 3.7 3.9 9.9 4.6 6.7 8.9 6.6 4.3 1.4 3.5 9.8 8.0 9.9 5.9 5.7 7.8 6.0 9.9 9.1 5.5 7.1 2.4 9.1 3.3 7.6 9.3 1.3 3.4 1.6 3.8 9.4 7.3 1.1 1.9 7.5 6.7 3.3 2.7 1.3 8.3 4.2 8.7 3.6 5.7 8.5 1.1 9.4 2.8 9.7 5.2 5.0 5.6 3.2 3.9 8.2 4.5 8.0 2.4 7.5 5.3 5.7 1.4 8.2 6.4 4.8 1.2 5.6 4.9 4.1 8.5 6.6 7.0 7.1 9.4 2.1 9.3 1.5 6.5 1.4 1.8 2.6 2.2 6.7 4.4 9.2 7.4 2.8 6.6 9.9 6.0 4.9 1.2 2.5 5.1 5.2 5.8 7.6 7.6 4.3 2.2 7.3 9.1 6.8 5.5 1.4 3.2 3.4 4.3 4.2 8.0
5
2.0 74 47 0
1.6 55 54 73 53
1.9 79 49 46 81
1.9 52 4 54 7
1.8 57 81 62
35
13 OR 12 10
26 OR 22
29 AND 5 15
30 OR 5
36 AND 7
44 AND 43
47 AND 14
48 AND 20
51 OR 21 13
52 AND 3 18
56 AND 45
59 AND 56
60 OR 42 14
63 AND 2
68 OR 24 3
69 AND 17 38
72 OR 14
75 AND 2 62
76 OR 25 58
82 AND 50 35
83 AND 63
86 AND 41 74
92 AND 81
93 AND 47
96 AND 56
101 AND 76
102 AND 31
104 AND 75
106 OR 49 77
109 OR 58 41
110 OR 66 23
111 OR 27
116 AND 8 4
118 AND 87
119 OR 38
54.7 51.0 40.5 49.3 47.3 43.4 42.9 58.1 54.6 44.2 51.1 54.2 40.5 56.4 45.8 48.1 48.7 40.8 42.6 41.9 48.9 58.6 53.0 58.3 40.9 59.3 41.7 43.2 47.5 52.1 55.8 57.7 45.3 53.0 59.4 57.3 52.1 52.9 56.5 58.0 59.7 42.9 45.8 48.3 58.8 43.2 54.6 52.5 46.2 54.6 41.7 44.6 58.9 50.5 59.0 57.3 47.8 54.4 57.0 52.4 52.7 44.9 58.9 48.0 51.6 47.2 43.8 55.6 46.3 55.4 41.2 45.1 43.7 44.4 49.4 41.1 46.6 41.7 44.9 50.1
