30 6
91 24 13 45 41 38 27 23 96 79 21 85 64 14 13 21 37 39 74 87 13 81 35 93 99 79 63 38 67 85
1.8 4.4 3.9 1.2 2.4 1.8 1.5 3.9 1.0 2.2 2.1 2.0 1.7 0.7 2.6 1.1 4.7 0.9 1.8 3.3 4.5 2.1 1.4 0.8 3.5 4.0 4.9 4.3 4.4 2.2
2.6 4.3 1.4 2.2 3.6 3.7 3.6 1.0 3.4 3.0 1.8 2.7 1.9 4.7 3.7 1.6 2.1 4.0 0.9 4.2 4.2 2.4 1.0 4.6 3.1 3.8 1.6 2.8 4.5 3.5
2.7 2.7 9.9 7.5 10.0 6.1 8.0 5.3 13.0 2.7 6.9 10.1 11.3 2.8 2.9 9.2 8.2 5.6 8.2 6.6 4.0 7.6 12.3 9.2 2.4 11.6 10.0 10.2 5.1 4.5
5
1.4 29 3 27 20
1.5 16 19 6 4
1.9 17 24
1.6 19 10
1.9 29 11
8
2 OR 3 24 16
5 AND 16 18 6
8 AND 25 24 23
14 AND 2
16 AND 0
18 AND 28
20 AND 6 17
26 AND 21
23.20 20.10 34.40 34.40 39.40 35.20
