100 22
95 71 77 68 65 94 95 74 78 46 99 87 76 19 85 96 52 93 36 89 81 80 65 91 90 25 76 96 13 44 11 49 94 11 43 84 94 46 70 66 49 74 96 66 68 26 83 78 52 38 55 56 93 73 81 89 47 56 41 75 59 28 63 52 13 10 78 11 41 91 32 18 61 19 69 15 80 79 32 31 59 20 12 20 16 57 37 26 13 64 22 25 26 12 12 30 32 18 13 26 
2.0 1.7 1.0 2.0 1.3 1.3 1.3 2.0 1.7 1.3 1.0 1.7 1.3 1.7 2.0 1.0 1.7 2.0 1.0 2.0 1.0 2.0 2.0 1.3 1.3 2.0 1.0 1.0 1.7 2.0 2.0 1.3 1.7 1.7 1.0 1.3 1.7 2.0 1.7 2.0 1.0 1.7 1.0 1.7 1.3 1.7 1.3 2.0 1.7 1.7 1.7 1.0 1.7 2.0 1.3 2.0 1.7 1.3 1.3 1.3 1.7 1.3 1.0 1.0 2.0 1.7 1.3 2.0 1.7 1.0 1.3 2.0 1.3 1.7 1.0 1.3 1.0 1.0 2.0 1.0 1.3 1.7 1.7 2.0 2.0 1.0 1.3 2.0 1.0 1.0 1.3 1.3 1.3 1.0 1.7 1.0 1.0 1.0 1.0 1.0 
1.3 1.0 1.3 1.3 1.7 1.3 1.0 1.0 1.3 1.0 1.7 1.3 1.3 1.3 1.0 2.0 2.0 1.7 1.7 1.7 1.0 1.0 1.3 2.0 1.0 1.3 1.0 1.7 1.3 1.3 1.3 1.0 1.3 1.3 1.0 2.0 1.7 1.0 1.3 1.3 2.0 1.3 1.0 2.0 2.0 2.0 1.0 1.7 1.0 1.7 1.0 1.0 1.7 2.0 1.3 2.0 1.3 1.3 1.0 1.7 2.0 1.7 1.0 1.0 2.0 1.0 2.0 1.0 1.3 1.7 1.3 1.7 1.7 1.3 2.0 2.0 1.7 1.7 2.0 1.7 2.0 2.0 1.7 1.7 1.7 2.0 2.0 2.0 2.0 2.0 1.7 1.7 1.7 1.7 1.3 1.7 2.0 2.0 1.0 2.0 
2 2 1 2 1 2 3 4 3 2 2 4 3 1 7 2 2 5 1 5 4 8 5 3 6 2 4 3 1 4 1 4 8 1 3 4 7 7 7 8 2 8 8 5 4 2 10 9 9 4 10 6 10 8 9 10 7 7 7 8 7 3 9 8 2 3 9 4 10 10 6 4 9 5 7 2 10 10 7 4 9 4 3 6 5 8 7 8 2 10 6 7 8 3 7 8 10 6 9 9 
3
0.3 41 44 
0.3 99 87 
0.1 56 9 
25
2 OR 52 
6 OR 64 
7 AND 50 
8 OR 41 17 
15 AND 52 
17 OR 64 
27 AND 15 
31 OR 89 50 
41 OR 6 
45 AND 15 17 
48 OR 74 
50 AND 52 
52 AND 64 
53 AND 2 
65 AND 74 
67 OR 2 
68 AND 74 
69 AND 17 
72 AND 89 
73 AND 89 
74 OR 6 15 
82 AND 41 
83 AND 50 
85 OR 41 2 
89 OR 6 
45.0 45.0 45.0 45.0 45.0 45.0 45.0 45.0 45.0 45.0 45.0 45.0 45.0 45.0 45.0 45.0 45.0 45.0 45.0 45.0 45.0 45.0 