100 22
81 82 96 49 96 69 83 80 39 81 95 92 59 76 91 78 58 96 19 95 30 35 70 52 45 17 84 58 87 80 30 89 72 65 80 23 45 13 96 75 80 80 92 59 54 35 91 59 58 79 74 85 37 18 97 16 20 79 90 69 32 53 45 45 43 32 60 92 13 74 87 28 99 42 38 41 47 49 47 36 21 24 27 35 34 42 20 28 28 26 48 18 29 29 19 14 16 34 14 18 
1.3 2.0 2.0 1.7 1.7 1.7 1.3 1.3 1.3 1.0 1.7 1.7 1.3 1.7 1.7 1.0 1.0 1.0 1.3 2.0 2.0 1.7 2.0 1.7 1.0 1.7 1.0 2.0 1.7 2.0 1.0 1.7 1.3 1.3 1.7 1.0 2.0 1.0 1.7 1.7 1.3 1.3 1.3 1.7 1.3 2.0 1.3 2.0 1.7 2.0 1.7 1.0 2.0 2.0 1.0 1.0 2.0 1.0 1.3 1.3 1.3 2.0 1.0 1.0 2.0 1.3 1.0 1.0 1.7 1.3 1.3 1.3 1.0 1.7 1.3 1.3 1.3 1.0 1.0 1.3 1.3 1.7 1.0 1.0 2.0 1.0 1.0 1.7 1.0 1.7 1.3 1.7 1.3 1.0 1.3 2.0 2.0 1.0 1.0 1.3 
1.0 2.0 1.3 1.3 1.3 2.0 1.0 2.0 1.0 2.0 1.0 1.0 2.0 1.0 2.0 2.0 1.0 1.0 1.3 1.7 1.7 1.7 1.0 1.7 1.3 1.7 1.0 1.0 1.0 1.3 1.0 1.7 1.3 1.0 1.0 1.7 1.7 1.0 1.3 1.3 1.7 1.7 1.0 1.7 1.0 1.0 1.3 1.3 1.3 2.0 1.3 1.0 1.0 2.0 2.0 1.0 1.0 1.0 1.7 1.7 1.0 1.7 1.7 1.0 1.7 1.7 2.0 2.0 1.3 1.7 2.0 1.3 2.0 1.3 1.3 1.7 1.3 1.0 2.0 2.0 1.0 1.0 2.0 2.0 2.0 2.0 1.7 1.7 1.7 2.0 2.0 1.7 2.0 1.3 2.0 1.3 1.7 2.0 1.7 2.0 
1 1 2 1 2 1 2 1 1 1 4 4 1 5 3 2 3 5 1 6 2 2 8 3 2 1 5 7 9 8 2 6 5 6 10 1 4 1 10 8 5 5 10 5 6 6 8 8 7 8 10 9 8 2 6 2 5 10 9 7 6 9 4 7 8 4 5 8 3 10 10 5 9 10 7 6 9 10 5 5 6 9 3 4 8 5 3 8 5 7 10 6 7 9 5 10 10 10 6 10 
2
0.3 63 61 18 
0.1 27 67 50 
30
1 AND 33 
11 AND 65 29 55 59 
16 AND 55 
18 OR 59 
19 OR 37 
23 AND 33 65 
27 OR 11 29 
28 OR 29 
29 AND 65 
32 AND 55 
33 AND 65 
37 AND 41 
39 OR 33 
50 OR 33 
52 OR 19 
55 OR 37 
58 OR 29 37 
59 AND 37 
60 OR 11 
61 OR 59 
62 OR 33 65 19 
64 OR 19 
65 AND 41 55 
67 AND 11 
69 OR 55 
71 AND 59 
73 AND 59 
77 OR 29 
80 OR 11 
86 AND 11 19 
45.0 45.0 45.0 45.0 45.0 45.0 45.0 45.0 45.0 45.0 45.0 45.0 45.0 45.0 45.0 45.0 45.0 45.0 45.0 45.0 45.0 45.0 