25 9
95 74 64 100 36 91 95 33 86 91 92 21 45 23 65 82 90 32 94 61 24 39 23 29 28 
1.3 1.0 1.3 1.7 2.0 2.0 1.3 2.0 2.0 2.0 2.0 1.7 2.0 1.0 1.0 1.7 1.7 1.3 1.0 1.3 2.0 2.0 1.0 1.3 1.3 
1.3 1.0 1.0 1.7 1.7 2.0 1.0 2.0 1.7 2.0 1.7 1.7 2.0 1.3 1.0 2.0 2.0 1.0 1.7 2.0 1.7 2.0 1.3 2.0 2.0 
1 1 3 4 2 5 7 2 8 8 10 2 5 2 8 9 10 6 9 7 5 8 5 10 10 
2
0.3 16 17 19 
0.5 24 1 18 
10
0 AND 20 
4 OR 8 
5 OR 11 20 
6 AND 4 
11 AND 8 
15 OR 4 
18 AND 11 
20 AND 8 4 
21 OR 11 
22 OR 20 
45.0 45.0 45.0 45.0 45.0 45.0 45.0 45.0 45.0 