25 9
77 96 79 53 69 53 69 87 86 42 76 65 58 64 68 39 59 42 58 81 17 69 53 68 37 
1.7 1.3 1.0 1.3 1.0 1.7 1.7 2.0 1.0 1.0 2.0 2.0 1.7 1.3 1.3 1.3 1.7 2.0 1.7 1.3 1.3 1.0 1.3 1.0 1.0 
2.0 1.3 1.7 1.7 1.3 1.0 1.0 2.0 1.3 1.7 1.7 2.0 1.3 1.3 1.3 1.7 1.7 1.7 2.0 2.0 2.0 2.0 1.7 2.0 1.3 
1 2 1 1 2 6 8 6 5 2 9 7 9 8 9 4 8 7 8 9 2 7 9 8 8 
0
12
1 OR 21 
8 OR 20 
10 AND 4 
12 AND 19 
13 AND 12 
14 OR 7 
17 AND 10 
19 AND 14 
20 AND 17 
21 OR 24 
23 OR 1 
24 OR 3 
45.0 45.0 45.0 45.0 45.0 45.0 45.0 45.0 45.0 