75 17
91 88 75 66 97 56 34 56 95 85 43 79 84 84 41 96 91 72 16 96 44 37 66 96 92 72 78 86 96 45 88 73 80 60 97 98 52 70 59 66 66 42 77 98 54 67 82 36 51 77 85 45 47 77 37 57 21 61 21 64 63 56 23 50 56 31 48 19 12 24 14 27 19 13 13 
2.0 1.7 1.3 1.0 2.0 2.0 2.0 1.7 1.3 2.0 1.7 2.0 2.0 1.3 1.0 1.7 1.0 1.3 1.7 1.7 2.0 1.0 1.0 1.3 2.0 1.0 1.7 1.3 1.3 2.0 1.7 1.0 2.0 1.3 2.0 1.0 2.0 1.7 1.0 1.7 1.0 1.3 1.7 1.7 1.7 2.0 1.3 2.0 1.0 1.0 1.7 1.0 1.7 1.3 1.7 1.3 2.0 1.0 1.3 1.0 1.0 1.3 1.3 1.3 1.0 1.7 1.3 1.3 1.3 1.7 1.3 1.0 1.3 1.0 1.3 
1.0 1.0 1.3 1.0 1.7 1.0 1.3 1.0 1.3 1.3 1.7 1.3 1.0 1.7 1.3 1.3 1.0 1.7 1.0 1.3 1.3 1.7 1.7 1.3 2.0 1.0 1.3 1.0 1.0 2.0 1.3 1.7 1.3 2.0 1.7 1.3 1.7 1.3 1.3 2.0 1.0 1.0 1.3 1.7 1.7 2.0 1.3 1.0 1.3 1.7 2.0 1.3 2.0 1.7 1.0 1.7 1.0 1.7 1.0 2.0 1.3 1.7 1.0 2.0 2.0 1.7 2.0 2.0 1.0 2.0 1.3 1.7 1.3 1.3 1.3 
1 1 1 1 2 2 1 2 2 3 1 3 5 2 1 4 3 2 1 5 3 1 2 5 5 4 6 7 8 3 8 3 9 3 9 6 5 8 4 5 6 5 10 10 6 8 10 9 5 6 10 5 6 9 10 7 7 6 5 6 10 10 7 8 8 9 10 4 6 8 6 7 9 5 10 
0
35
1 OR 55 
2 AND 7 
3 AND 62 
4 AND 57 
7 OR 52 
13 OR 10 
16 AND 58 
18 AND 69 
19 OR 24 
21 AND 67 
22 OR 61 
24 AND 73 
25 OR 36 
28 OR 72 
32 AND 39 
33 AND 18 
34 OR 23 
35 OR 45 
36 AND 33 
37 OR 22 
38 OR 46 
39 OR 48 
45 OR 34 
46 OR 3 
48 AND 16 
52 AND 13 
55 AND 35 
59 AND 37 
60 AND 32 
61 AND 4 
62 AND 28 
67 OR 19 
69 OR 12 
71 AND 2 
73 AND 26 
45.0 45.0 45.0 45.0 45.0 45.0 45.0 45.0 45.0 45.0 45.0 45.0 45.0 45.0 45.0 45.0 45.0 