100 22
95 71 77 68 65 94 95 74 78 46 99 87 76 19 85 96 52 93 36 89 81 80 65 91 90 25 76 96 13 44 11 49 94 11 43 84 94 46 70 66 49 74 96 66 68 26 83 78 52 38 55 56 93 73 81 89 47 56 41 75 59 28 63 52 13 10 78 11 41 91 32 18 61 19 69 15 80 79 32 31 59 20 12 20 16 57 37 26 13 64 22 25 26 12 12 30 32 18 13 26 
2.0 1.7 1.0 2.0 1.3 1.3 1.3 2.0 1.7 1.3 1.0 1.7 1.3 1.7 2.0 1.0 1.7 2.0 1.0 2.0 1.0 2.0 2.0 1.3 1.3 2.0 1.0 1.0 1.7 2.0 2.0 1.3 1.7 1.7 1.0 1.3 1.7 2.0 1.7 2.0 1.0 1.7 1.0 1.7 1.3 1.7 1.3 2.0 1.7 1.7 1.7 1.0 1.7 2.0 1.3 2.0 1.7 1.3 1.3 1.3 1.7 1.3 1.0 1.0 2.0 1.7 1.3 2.0 1.7 1.0 1.3 2.0 1.3 1.7 1.0 1.3 1.0 1.0 2.0 1.0 1.3 1.7 1.7 2.0 2.0 1.0 1.3 2.0 1.0 1.0 1.3 1.3 1.3 1.0 1.7 1.0 1.0 1.0 1.0 1.0 
1.3 1.0 1.3 1.3 1.7 1.3 1.0 1.0 1.3 1.0 1.7 1.3 1.3 1.3 1.0 2.0 2.0 1.7 1.7 1.7 1.0 1.0 1.3 2.0 1.0 1.3 1.0 1.7 1.3 1.3 1.3 1.0 1.3 1.3 1.0 2.0 1.7 1.0 1.3 1.3 2.0 1.3 1.0 2.0 2.0 2.0 1.0 1.7 1.0 1.7 1.0 1.0 1.7 2.0 1.3 2.0 1.3 1.3 1.0 1.7 2.0 1.7 1.0 1.0 2.0 1.0 2.0 1.0 1.3 1.7 1.3 1.7 1.7 1.3 2.0 2.0 1.7 1.7 2.0 1.7 2.0 2.0 1.7 1.7 1.7 2.0 2.0 2.0 2.0 2.0 1.7 1.7 1.7 1.7 1.3 1.7 2.0 2.0 1.0 2.0 
2 2 1 2 1 2 3 4 3 2 2 4 3 1 7 2 2 5 1 5 4 8 5 3 6 2 4 3 1 4 1 4 8 1 3 4 7 7 7 8 2 8 8 5 4 2 10 9 9 4 10 6 10 8 9 10 7 7 7 8 7 3 9 8 2 3 9 4 10 10 6 4 9 5 7 2 10 10 7 4 9 4 3 6 5 8 7 8 2 10 6 7 8 3 7 8 10 6 9 9 
0
30
1 AND 49 
5 OR 39 
13 AND 62 
17 OR 42 
18 OR 32 
22 OR 71 
26 AND 25 
32 AND 1 
33 OR 43 
35 AND 72 
39 OR 73 
42 AND 78 
44 OR 51 
47 AND 84 
49 AND 33 
51 AND 26 
55 AND 22 
58 OR 64 
61 OR 44 
62 AND 91 
64 OR 5 
67 OR 61 
69 AND 55 
70 OR 69 
71 AND 50 
72 AND 47 
82 AND 35 
89 OR 58 
91 AND 17 
96 OR 82 
45.0 45.0 45.0 45.0 45.0 45.0 45.0 45.0 45.0 45.0 45.0 45.0 45.0 45.0 45.0 45.0 45.0 45.0 45.0 45.0 45.0 45.0 