25 9
38 54 29 63 32 59 77 89 65 52 13 80 24 83 40 60 52 16 56 20 50 22 16 17 12 
1.7 2.0 1.3 1.7 2.0 2.0 1.3 1.3 2.0 1.7 2.0 1.7 2.0 1.0 1.0 1.0 1.3 1.7 1.0 1.0 1.0 1.3 1.7 1.0 1.0 
1.7 1.7 1.7 1.0 1.7 2.0 2.0 1.7 1.7 1.7 1.3 1.7 1.0 1.7 1.7 1.3 1.7 1.0 2.0 1.3 1.7 1.0 2.0 1.7 2.0 
1 2 1 5 2 4 4 6 7 5 2 8 5 10 5 10 10 8 9 5 10 10 9 7 7 
2
0.1 4 0 18 
0.5 9 1 10 
11
1 OR 2 20 
2 OR 20 
3 OR 2 
4 AND 13 
12 OR 2 
13 OR 20 
15 AND 2 
16 AND 13 
17 OR 13 
18 AND 13 
20 OR 11 
45.0 45.0 45.0 45.0 45.0 45.0 45.0 45.0 45.0 