50 13
95 71 68 65 95 46 87 76 96 52 93 36 81 80 65 91 90 49 94 11 43 94 46 70 66 96 26 83 78 55 56 73 56 41 75 32 18 61 19 69 59 57 37 26 22 12 30 32 13 26 
2.0 1.7 2.0 1.3 1.3 1.3 1.7 1.3 1.0 1.7 2.0 1.0 1.0 2.0 2.0 1.3 1.3 1.3 1.7 1.7 1.0 1.7 2.0 1.7 2.0 1.0 1.7 1.3 2.0 1.7 1.0 2.0 1.3 1.3 1.3 1.3 2.0 1.3 1.7 1.0 1.3 1.0 1.3 2.0 1.3 1.0 1.0 1.0 1.0 1.0 
1.3 1.0 1.3 1.7 1.0 1.0 1.3 1.3 2.0 2.0 1.7 1.7 1.0 1.0 1.3 2.0 1.0 1.0 1.3 1.3 1.0 1.7 1.0 1.3 1.3 1.0 2.0 1.0 1.7 1.0 1.0 2.0 1.3 1.0 1.7 1.3 1.7 1.7 1.3 2.0 2.0 2.0 2.0 2.0 1.7 1.7 1.7 2.0 1.0 2.0 
2 2 2 1 3 2 4 3 2 2 5 1 4 8 5 3 6 4 8 1 3 7 7 7 8 8 2 10 9 10 6 8 7 7 8 6 4 9 5 7 9 8 7 8 6 3 8 10 9 9 
3
0.1 10 8 
0.3 29 24 
0.5 44 39 
22
2 OR 43 
3 AND 12 
5 OR 12 
7 AND 41 14 
8 AND 32 21 
10 OR 46 
12 OR 2 
14 OR 43 
18 AND 41 
19 OR 46 
20 OR 32 
21 AND 14 2 
22 OR 43 12 
23 AND 29 
24 OR 46 41 29 
29 AND 2 
32 AND 22 21 
33 OR 21 
35 OR 29 
39 OR 32 
41 OR 22 
46 AND 22 14 
45.0 45.0 45.0 45.0 45.0 45.0 45.0 45.0 45.0 45.0 45.0 45.0 45.0 