50 13
95 71 68 65 95 46 87 76 96 52 93 36 81 80 65 91 90 49 94 11 43 94 46 70 66 96 26 83 78 55 56 73 56 41 75 32 18 61 19 69 59 57 37 26 22 12 30 32 13 26 
2.0 1.7 2.0 1.3 1.3 1.3 1.7 1.3 1.0 1.7 2.0 1.0 1.0 2.0 2.0 1.3 1.3 1.3 1.7 1.7 1.0 1.7 2.0 1.7 2.0 1.0 1.7 1.3 2.0 1.7 1.0 2.0 1.3 1.3 1.3 1.3 2.0 1.3 1.7 1.0 1.3 1.0 1.3 2.0 1.3 1.0 1.0 1.0 1.0 1.0 
1.3 1.0 1.3 1.7 1.0 1.0 1.3 1.3 2.0 2.0 1.7 1.7 1.0 1.0 1.3 2.0 1.0 1.0 1.3 1.3 1.0 1.7 1.0 1.3 1.3 1.0 2.0 1.0 1.7 1.0 1.0 2.0 1.3 1.0 1.7 1.3 1.7 1.7 1.3 2.0 2.0 2.0 2.0 2.0 1.7 1.7 1.7 2.0 1.0 2.0 
2 2 2 1 3 2 4 3 2 2 5 1 4 8 5 3 6 4 8 1 3 7 7 7 8 8 2 10 9 10 6 8 7 7 8 6 4 9 5 7 9 8 7 8 6 3 8 10 9 9 
0
10
10 OR 35 
18 AND 33 
23 AND 18 
30 AND 40 
31 AND 30 
33 OR 10 
40 AND 43 
43 OR 45 
45 OR 38 
47 OR 23 
45.0 45.0 45.0 45.0 45.0 45.0 45.0 45.0 45.0 45.0 45.0 45.0 45.0 