75 18
68 93 55 93 86 100 31 66 65 55 72 58 88 99 68 85 64 84 14 93 77 95 50 27 94 93 77 75 76 56 98 51 52 22 66 91 32 78 86 52 33 70 76 47 18 99 37 41 48 39 28 26 15 87 32 52 22 49 40 32 15 26 26 29 17 22 11 21 24 21 16 19 14 22 16 
1.7 1.7 1.7 1.0 2.0 1.7 1.3 1.3 1.7 2.0 1.3 2.0 1.3 1.3 2.0 2.0 2.0 1.3 1.3 1.3 1.7 1.0 1.7 2.0 1.0 1.3 1.3 1.7 1.0 2.0 1.0 2.0 1.7 2.0 1.3 1.0 2.0 2.0 1.0 1.3 1.3 1.7 1.7 2.0 1.3 1.3 2.0 2.0 1.0 1.0 1.0 1.7 1.3 1.0 1.7 1.0 2.0 1.7 1.3 1.7 2.0 1.0 1.3 1.0 1.7 1.3 1.0 1.3 1.7 1.0 1.7 1.3 1.7 1.0 1.0 
1.0 1.0 1.3 1.0 1.0 2.0 1.0 1.3 1.3 1.0 2.0 1.3 1.3 2.0 1.3 1.7 1.7 2.0 1.0 1.0 1.3 1.3 2.0 1.3 1.0 1.3 1.3 1.0 2.0 1.3 2.0 1.7 1.3 1.3 1.0 1.7 1.0 2.0 2.0 1.0 1.7 1.7 1.7 1.3 1.7 2.0 1.7 1.7 1.0 1.0 1.3 1.7 2.0 2.0 1.7 1.3 1.0 2.0 1.3 1.7 1.3 1.7 1.7 1.0 1.0 1.0 1.0 2.0 2.0 1.3 1.7 1.7 2.0 2.0 2.0 
1 2 1 2 4 2 1 2 3 4 2 4 4 3 5 5 4 3 1 7 6 5 3 3 7 7 6 10 3 7 4 5 6 3 8 5 7 9 5 8 3 9 10 10 2 10 7 8 8 7 4 5 2 9 7 9 10 10 10 8 6 4 6 10 10 10 4 6 10 9 9 9 8 8 7 
2
0.1 28 40 45 
0.5 1 67 26 
30
4 AND 42 
8 OR 62 
11 AND 42 62 
15 OR 42 62 
16 OR 55 
19 AND 62 
21 OR 42 
22 OR 42 
23 AND 62 
25 OR 62 
26 AND 62 
27 OR 62 
30 OR 42 
33 OR 42 62 
34 OR 16 
39 AND 42 
41 AND 42 62 
42 OR 55 
44 AND 16 
52 AND 42 
54 AND 42 
56 OR 42 
57 OR 62 
58 AND 42 
61 OR 42 62 
62 OR 55 
63 OR 42 55 
67 AND 62 
69 OR 62 
71 AND 62 
45.0 45.0 45.0 45.0 45.0 45.0 45.0 45.0 45.0 45.0 45.0 45.0 45.0 45.0 45.0 45.0 45.0 45.0 