75 17
94 73 90 56 87 33 78 92 50 58 64 94 88 34 54 62 63 99 98 49 98 11 55 81 49 62 77 89 73 87 58 100 65 79 78 26 58 54 91 30 97 74 45 33 16 15 51 25 38 42 37 35 52 59 62 20 90 40 64 57 41 34 18 37 16 11 16 35 21 33 12 25 20 10 11 
1.7 2.0 2.0 1.3 2.0 1.0 2.0 2.0 2.0 1.0 1.3 2.0 1.7 1.3 2.0 1.7 1.3 2.0 1.0 1.0 2.0 1.7 1.7 2.0 1.7 1.3 1.7 1.3 2.0 1.3 1.3 1.0 1.3 1.7 1.7 1.7 1.7 2.0 1.0 1.3 1.0 1.0 1.0 2.0 1.7 2.0 1.0 1.7 1.3 1.0 1.7 1.3 1.0 1.3 2.0 2.0 1.0 1.3 1.3 1.7 1.3 2.0 2.0 1.3 2.0 2.0 1.0 1.3 1.3 1.0 1.7 1.0 1.0 1.0 1.0 
1.3 1.3 1.0 1.0 1.3 1.0 1.0 2.0 1.7 1.0 1.0 1.7 1.0 1.0 1.0 1.7 1.0 2.0 1.7 1.3 1.3 1.0 1.3 1.3 1.7 1.3 1.7 2.0 1.7 1.7 2.0 1.0 1.0 1.3 1.3 1.3 1.3 1.7 1.3 1.3 2.0 2.0 1.0 2.0 1.7 1.3 1.7 1.0 1.0 2.0 1.0 1.0 2.0 1.7 2.0 1.0 2.0 1.0 1.7 2.0 1.3 1.7 2.0 1.7 2.0 1.0 1.0 2.0 1.7 1.7 1.3 2.0 2.0 1.3 2.0 
1 1 2 1 4 1 5 3 2 2 3 4 6 2 5 3 4 5 3 2 8 1 4 7 3 4 5 4 6 5 3 8 7 9 9 3 7 6 7 3 5 4 5 4 2 3 4 6 7 3 9 7 4 7 10 7 8 10 10 10 9 9 5 9 6 9 7 10 8 10 9 8 8 8 8 
0
36
0 OR 57 
1 OR 45 
7 AND 74 
8 OR 53 
9 AND 50 
10 AND 71 
11 AND 43 
12 AND 33 
13 AND 41 
18 OR 48 
23 OR 18 
24 OR 40 
25 OR 24 
26 AND 23 
30 OR 51 
32 OR 10 
33 OR 49 
38 AND 28 
40 AND 29 
43 AND 68 
45 AND 13 
47 OR 9 
49 OR 6 
50 OR 16 
53 AND 65 
55 AND 38 
56 AND 7 
57 OR 64 
59 AND 32 
62 OR 30 
64 AND 37 
65 OR 27 
67 OR 55 
68 AND 58 
73 OR 62 
74 AND 70 
45.0 45.0 45.0 45.0 45.0 45.0 45.0 45.0 45.0 45.0 45.0 45.0 45.0 45.0 45.0 45.0 45.0 